"Index" "Bond" "SP500" "EAFE" "SPGSCI" "TBill" "Inflation"
1976-01-31 0 0.1199 0.0502967501844663 -0.0502540197978317 0.00452145749717339 0.00349650349650355
1976-02-29 0 -0.0058 -0.0075963279027669 0.0540995788952192 0.00403611833932707 0
1976-03-31 0.0366645473286708 0.0326 -0.0170762018108533 0.00205176377524531 0.0041919684837098 0.00348432055749122
1976-04-30 0.00393413679281489 -0.0099 -0.00451786339407788 0.0370626041418711 0.00416598348802935 0.00692041522491347
1976-05-31 -0.00795991991720903 -0.0073 -0.0277438362115781 0.0177694645779751 0.00417464470989172 0.00687285223367707
1976-06-30 0.0142157049692994 0.0427 0.0165562913907284 -0.0169773635153129 0.00468644270139275 0.0034246575342465
1976-07-31 0 -0.0068 -0.0117936317090635 -0.0971225836746407 0.00457354073288157 0.00680272108843535
1976-08-31 0.0277175222945288 0.0014 0.000675009787641882 -0.0289357133270701 0.00442601314080616 0.00338983050847462
1976-09-30 0.0128660322108346 0.0247 -0.0174722874685786 -0.109671462186876 0.00437397524712028 0.00337837837837843
1976-10-31 0 -0.0206 -0.0680584489891728 -0.0124852981091108 0.00432195334236529 0.00336700336700330
1976-11-30 0.0338266758615811 -9e-04 0.012187875889454 0.0140639866793531 0.0041919684837098 0.00335570469798662
1976-12-31 0.0147475152222581 0.054 0.101236722652409 0.0478724910115223 0.00393229796091966 0.00666666666666664
1977-01-31 -0.0199006743130270 -0.0489 -0.00583649941045455 -0.00266825626614436 0.00370757227577578 0.00990099009900992
1977-02-28 0.00218075439918452 -0.0151 0.0217175374401631 -0.00247567013829607 0.00403611833932707 0.0065573770491803
1977-03-31 0.00829025565284662 -0.0119 0.00325119125180435 0.0351171027703796 0.00402746420648729 0.006514657980456
1977-04-30 0 0.0014 0.0285132762033595 0.0497051609873193 0.00390635282263938 0.00647249190938509
1977-05-31 0.0156120188313487 -0.015 -0.00402474658426104 -0.0355579573088354 0.00385447448724941 0.00643086816720266
1977-06-30 0.0133879781420765 0.0475 0.0219845839807452 -0.0248103228664785 0.00433062254979477 0.00320512820512814
1977-07-31 0 -0.0151 -0.0151422368201303 -0.0930718242077545 0.00428728095162937 0.00319488817891378
1977-08-31 0.00875968008124918 -0.0133 0.0424272937274182 0.00971135689236582 0.00451277851459944 0.00318471337579611
1977-09-30 0.000372253572365222 0 0.0289871743256455 0.0351937536148063 0.0047385766836438 0.00317460317460322
1977-10-31 -0.0041542774615581 -0.0415 0.0245667577377713 0.0279690794096978 0.00505171768975552 0.0063091482649842
1977-11-30 0.00844059572747498 0.037 -0.00834969141215004 0.0407690026154717 0.00522593502588881 0.00314465408805036
1977-12-31 0 0.0048 0.0360184973115640 0.0487097932591187 0.00519979102101243 0.00624999999999998
1978-01-31 -0.00704948210483456 -0.0596 0.0129292711809668 0.0312352458812713 0.00528695336796142 0.00621118012422369
1978-02-28 0.00387865472367757 -0.0161 0.0116245045620195 0.0155099444675489 0.00553124624677199 0.00923076923076914
1978-03-31 0.00382174183881335 0.0276 0.0681562417890765 0.0935760693615984 0.00553997749417235 0.00611620795107042
1978-04-30 0 0.087 -0.0070041435774549 0.0210350366864933 0.00544395844590125 0.009090909090909
1978-05-31 -0.00215119074734894 0.0136 0.0203309091442629 0.0708566126787551 0.00537416048881646 0.0119760479041916
1978-06-30 -0.000633103727714773 -0.0152 0.0434605650341275 -0.103005628601304 0.0055923744033412 0.00595238095238104
1978-07-31 0.0102017796716381 0.056 0.080393557157853 0.0265300818642526 0.00595960572664992 0.00591715976331348
1978-08-31 0.0148896241789718 0.034 0.0201827746678358 0.0265632246911497 0.00587209772874105 0.0087976539589444
1978-09-30 0 -0.0048 0.0292495294213929 0.0532513672108898 0.00623993416383114 0.00872093023255806
1978-10-31 -0.0129902614727854 -0.0891 0.0547288698753331 0.00993972927576332 0.00686356552756142 0.00289855072463772
1978-11-30 0.0101186840758654 0.026 -0.102149483305481 0.0252335548492728 0.00663492854910248 0.005763688760807
1978-12-31 0 0.0172 0.0475478930314522 -0.0118305137600373 0.00745416138596026 0.00857142857142849
1979-01-31 0.00813713612102557 0.0421 0.00630646261110961 0.067279899652784 0.00800250770919106 0.0112994350282485
1979-02-28 -0.00366444827869536 -0.0284 -0.00501613923537329 0.0552989060433803 0.00808225268083943 0.00840336134453793
1979-03-31 0 0.0575 0.0228512784749436 -0.0180785033656787 0.00814430224411077 0.0138121546961326
1979-04-30 0.00911022641232933 0.0036 -0.0037106563049341 0.0564528102677465 0.00818863713416625 0.0109289617486338
1979-05-31 0.0186006375991755 -0.0168 -0.0209975351955398 -0.049445127335053 0.0079847916495426 0.0108108108108108
1979-06-30 0 0.041 0.0177647664136630 0.0132059999316637 0.0083483378489238 0.0106951871657754
1979-07-31 0.0202744487150383 0.011 0.0118201166640391 -0.0435542243853739 0.00763085521549936 0.0105820105820105
1979-08-31 -0.00174869044258335 0.0611 0.0237520825878341 0.103275727006763 0.00802908523801288 0.0104712041884818
1979-09-30 0 0.0025 0.0422645764698080 0.0412023482886004 0.00843712484922772 0.00779220779220772
1979-10-31 -0.071342160091404 -0.0656 -0.0864910313901347 -0.0326874980213379 0.00879273352593675 0.0102827763496144
1979-11-30 0.0252307289150214 0.0514 0.0124979736755746 0.064823175876719 0.0109960577734167 0.0101781170483460
1979-12-31 0.00174124879420560 0.0192 0.0328253761878358 0.0160656024236774 0.00979237561855486 0.0125628140703518
1980-01-31 -0.0271899771597474 0.061 0.0462044037888487 0.0568194307066711 0.0104470701987926 0.0148514851485149
1980-02-29 -0.0668768981303135 0.0031 -0.00402822688438631 -0.00933179883248507 0.0106088848625575 0.0146341463414634
1980-03-31 0.00527558704273046 -0.0987 -0.118775657361051 -0.162478440980674 0.0120630123008813 0.0120481927710843
1980-04-30 0.0992462614084235 0.0429 0.0864442431637336 0.0357331592526967 0.0136758667185197 0.0095465393794749
1980-05-31 0 0.0562 0.0445951889690290 0.0573186813186813 0.0106178790208079 0.00945626477541368
1980-06-30 0.0605114514754569 0.0296 0.0600317973573909 0.0532930144814958 0.00663492854910248 0
1980-07-31 -0.0195289974858339 0.0676 -0.00497235142904447 0.0453287426339138 0.00638904663147702 0.00936768149882917
1980-08-31 0 0.0131 0.0335694698354662 0.0158347452104783 0.00683716868627056 0.00697674418604645
1980-09-30 -0.0492674820097453 0.0281 0.0338341003068947 0.0529265101582364 0.0086770797798784 0.00921658986175112
1980-10-31 -0.0112830721284460 0.0187 0.0404204575032838 0.0304212541886071 0.0090688382899584 0.00913242009132417
1980-11-30 0 0.1095 -0.0205845467631232 -0.0140776699029126 0.0109149496623648 0.00904977375565624
1980-12-31 0.0270516982719617 -0.0315 0.00507392689980304 -0.0804290247292372 0.0125443868327061 0.0067415730337078
1981-01-31 0 -0.0438 -0.0138371324949837 -0.0678521422570707 0.0128265663058701 0.0111111111111111
1981-02-28 0 0.0208 -0.0134101250074991 -0.029893146062555 0.0131822192142674 0.00662251655629133
1981-03-31 0.00224133561426853 0.038 0.0348807089505617 -0.00169001877798653 0.0124352792137766 0.00657894736842115
1981-04-30 -0.0346200804660805 -0.0213 0.0264375864094607 -0.0138390568939005 0.0112757221616498 0.00869565217391301
1981-05-31 0 0.0062 -0.0439369161773086 0.00538926516641167 0.0120267363767012 0.00862068965517238
1981-06-30 0.0329944613044064 -0.008 0.00708234027831167 -0.0678456441603285 0.0137308030473170 0.0106609808102345
1981-07-31 -0.0211177008406625 7e-04 -0.0421106606630666 0.0434866698405142 0.0126171634067453 0.00845665961945029
1981-08-31 -0.0197694662409136 -0.0554 0.0231169717518368 -0.0339491455029303 0.0132369997503992 0.00838574423480096
1981-09-30 -0.00230734878181905 -0.0502 -0.110277274733831 -0.00127837846163331 0.0138224021578389 0.0020920502092049
1981-10-31 0 0.0528 0.0163568417345637 0.00300973557323184 0.0125261974606247 0.00416666666666673
1981-11-30 0.128751251918407 0.0441 0.100151063443570 -0.0471963593677135 0.0114835080533245 0.00207900207900211
1981-12-31 -0.0350518693087325 -0.0265 -0.00931279694438414 -0.059078987703941 0.00887284721265776 0.00414078674948231
1982-01-31 0 -0.0163 -0.00661113108169343 0.074023844067369 0.00968499252754272 0.00206611570247937
1982-02-28 0 -0.0512 -0.0679140100811164 -0.0229886911771823 0.0111674112484622 0
1982-03-31 0.0298945875747908 -0.006 -0.050971614609828 0.0359570133283566 0.0107348457850998 0.00411522633744862
1982-04-30 0.0268049512061173 0.0414 0.0610617370165163 0.0347959229626071 0.0111042612351360 0.0101832993890020
1982-05-31 0.0157929385676172 -0.0288 -0.0131322940966417 0.00226156242511381 0.010833879651664 0.0120724346076459
1982-06-30 -0.0167479285271406 -0.0174 -0.0807097902728436 -0.0310227149894222 0.0100431971210567 0.00400801603206404
1982-07-31 0 -0.0215 -0.0116760622480068 0.0212646978810869 0.0112486380658583 0.00200000000000003
1982-08-31 0.0898725816484229 0.1267 0.000645415363073566 -0.00225699441053063 0.00912232926668377 0.00199600798403196
1982-09-30 0.0379233759022765 0.011 -0.00634834429309542 -0.030115311997753 0.00645926240532314 0.003976143141153
1982-10-31 0 0.1126 0.00425320451921245 -0.00583849956839053 0.00648560078403456 -0.00199203187250985
1982-11-30 0.0589512551961171 0.0438 0.0743525480367586 0.0383802710616077 0.00683716868627056 -0.00400000000000006
1982-12-31 0.0187372175032614 0.0173 0.0739385776705871 -0.0114953057018550 0.00684596717942089 0.00199600798403196
1983-01-31 0.000984599273786904 0.0348 -0.00849719655689804 0.00692823140596108 0.00690756934361824 0
1983-02-28 0.0267051465985697 0.026 0.0271144874891672 -0.0115629984051036 0.00694278057150904 0
1983-03-31 0.00386255911094935 0.0365 0.0375773063238125 0.0631303698169592 0.00681957306163412 0.0079207920792079
1983-04-30 0 0.0758 0.054180618847403 0.00970348870297657 0.00738353498315681 0.00590551181102357
1983-05-31 0.0142670655425618 -0.0052 -0.00473034503693209 0.00523678772610175 0.00699561104369511 0.00196463654223971
1983-06-30 0.000576224749396565 0.0382 0.0224852461178332 0.0126469067482777 0.00732176082575988 0.00585937500000008
1983-07-31 0 -0.0313 0.00249942447462765 0.0340177378204349 0.00775464966335292 0.00194931773879131
1983-08-31 -0.0174107340383169 0.017 -0.0160135660047950 0.0172331449494548 0.00789623885541418 0.00581395348837218
1983-09-30 0.0307435819087289 0.0136 0.0375949319598459 -0.0279285422064640 0.00791394574797362 0.00193423597678920
1983-10-31 0.00337651930012023 -0.0134 -0.000619417533002069 -0.0123559052944018 0.00756015575992141 0.00193050193050182
1983-11-30 0.0113352454297198 0.0233 0.0234238339146739 0.000868989489365218 0.0074806538161014 0.00192678227360311
1983-12-31 0 -0.0061 0.0401242713761095 0.0479954827780914 0.00759550183223859 0.00574712643678169
1984-01-31 0.0224153421941321 -0.0065 0.0429775922829891 0.0103830959559206 0.00774580422972449 0.00381679389312969
1984-02-29 -0.00564455406984301 -0.0328 0.00923070323038861 0.00475944128297991 0.00771927067391889 0.00190476190476193
1984-03-31 0 0.0171 0.08606790374893 0.046797179348094 0.00794050952349265 0.00568181818181813
1984-04-30 -0.00969982959758812 0.0069 -0.0166034460232997 -0.0113710039399531 0.00841936376777421 0.00189035916824199
1984-05-31 -0.0326260564486001 -0.0534 -0.112657039586665 0.0282190154241335 0.0083483378489238 0.00376647834274958
1984-06-30 0 0.0221 -0.000897646144930476 -0.023119452571032 0.00848153560903898 0.00375234521575977
1984-07-31 0.0533111225012813 -0.0143 -0.0681247069607683 -0.072 0.00849930313618624 0.0037383177570094
1984-08-31 0.0165785401408345 0.1125 0.078418045083579 0.0411569826707441 0.00889065533605667 0.00557620817843861
1984-09-30 0 2e-04 -0.00856165641242851 -0.0079112298366382 0.00924720639093827 0.00185528756957331
1984-10-31 0.0619639327829631 0.0026 0.0247251697691521 0.00455126566095635 0.00888175104330158 0
1984-11-30 0.0189034601450115 -0.0101 0.0040996081117073 0.00378262032426088 0.00807339029335464 0
1984-12-31 0.0131431972166270 0.0253 0.0200360733211224 -0.0203240939274622 0.00726000900438365 0.00185185185185188
1985-01-31 0.0222242116335803 0.0768 0.0222871307882291 0.012460859298804 0.00660856708051444 0.00552486187845299
1985-02-28 -0.0211072869960281 0.0137 -0.00563871443726274 -0.0133028179087398 0.00659099503311962 0.00366972477064225
1985-03-31 0 0.0018 0.072265774459872 0.0414334683702088 0.00717183083885133 0.00365630712979895
1985-04-30 0.0400500186473027 -0.0032 -0.00312380724936518 -0.0334277985314956 0.00715420066971934 0.00364298724954455
1985-05-31 0.0503225107503583 0.0615 0.0410447150814229 -0.000103063564453283 0.00669645450236067 0.0036297640653358
1985-06-30 0 0.0159 0.0253404468607939 -0.030015923566879 0.00618733739775869 0.00181159420289858
1985-07-31 0.007493672561248 -0.0026 0.049402853873493 -0.0229956832188527 0.0059946215352169 0.00180831826401436
1985-08-31 0 -0.0061 0.0314078097475044 0.0147521031443514 0.00621363374942728 0.00360360360360365
1985-09-30 0.024271746718371 -0.0321 0.0555662425934495 0.0538084812897837 0.00608219259961522 0.00359066427289054
1985-10-31 0.0206718039913062 0.0447 0.0639718132106108 0.0675218012107194 0.00592459712456851 0.0017921146953404
1985-11-30 0 0.0716 0.0397087000545215 0.0171077965158088 0.00621363374942728 0.00357142857142862
1985-12-31 0.0535941356870371 0.0467 0.0454885412531243 -0.0184270830872450 0.00617857284986985 0.00178253119429593
1986-01-31 0.0045976583586174 0.0044 0.0247332145203227 -0.0997830520804917 0.00603840143343633 -0.00178571428571431
1986-02-28 0.0392195436011159 0.0761 0.0999752022970504 -0.0360993337371289 0.00600337661363280 -0.00538599640933568
1986-03-31 0.0308681560566408 0.0554 0.1234984104686 -0.00222581950627289 0.00605591654750915 -0.00179856115107916
1986-04-30 0.00368500303917779 -0.0124 0.0616928143301217 0.0533292468010114 0.00548759673967087 0.00358422939068093
1986-05-31 0 0.0549 -0.0462814261103161 -0.0390096329910039 0.00517365104268479 0.00534759358288778
1986-06-30 0.00624289994543026 0.0166 0.0640555330147724 0.0364375575329856 0.00535671548107708 0
1986-07-31 0.00910395581673747 -0.0569 0.058294250752781 0.00956047156551148 0.00520850524186431 0.00177935943060501
1986-08-31 0 0.0748 0.0899268521187661 0.0790661333395528 0.00495597435343762 0.00354609929078007
1986-09-30 0.0140161218933165 -0.0822 -0.0101333643934540 -0.0259260145482388 0.00451277851459944 0.00176991150442480
1986-10-31 0.0138941242601594 0.0556 -0.0713262798322055 0.0104186398939192 0.00448674423484097 0
1986-11-30 0 0.0256 0.0546991848940454 0.0293837119775687 0.00444336265973799 0.00176678445229684
1986-12-31 0.0183489514189359 -0.0264 0.0505549406561293 -0.00731574621768981 0.00461695566436522 0.00527240773286462
1987-01-31 0 0.1343 0.0961926557621806 0.0541108714456208 0.00476464968954412 0.00350262697022772
1987-02-28 0 0.0413 0.029298608147236 -0.063881090777779 0.00472119690763304 0.00522648083623688
1987-03-31 0.0133387563731392 0.0272 0.0759466106016982 0.0747451014205342 0.00466906827061514 0.00519930675909886
1987-04-30 -0.0269491603465175 -0.0088 0.0958286568197999 0.0478330921667025 0.00479941993703461 0.00345423143350597
1987-05-31 0 0.0103 0.000179545877177778 0.0441141848145968 0.00474726723999174 0.00344234079173843
1987-06-30 0.0097089908316643 0.0499 -0.0327125981149481 0.0344762265580602 0.00486028503526798 0.00343053173241845
1987-07-31 -0.00170302727779914 0.0498 -0.0015739017508578 0.0427055943421889 0.00494727309304533 0.00511945392491475
1987-08-31 -0.00619448110141616 0.0385 0.0699304969955233 -0.0206366833240794 0.00509525525769428 0.0050933786078098
1987-09-30 -0.0229454688323768 -0.022 -0.0158059274734515 0.0073488884806173 0.00535671548107708 0.00169491525423731
1987-10-31 0 -0.2152 -0.162700066445957 0.0103636363636364 0.0055661739289563 0.00169204737732659
1987-11-30 0.0446104883573201 -0.0819 0.00997566313274768 -0.000181851245681074 0.00442601314080616 0
1987-12-31 0.0119943451607383 0.0738 0.0290696290029569 -0.0286195286195285 0.00490377348634572 0.00168918918918921
1988-01-31 0 0.0427 0.0177601981151544 0.025874635568513 0.00499948735255042 0.00336700336700330
1988-02-29 0.0467324171773208 0.0445318588340075 0.0627174038490676 -0.0111469368954398 0.00492117199011058 0.00502512562814077
1988-03-31 -0.0102166965302303 -0.0318590848171551 0.0580925891062352 0.0479740396421681 0.00482550230357004 0.00499999999999995
1988-04-30 0 0.0109453113164674 0.0145032836324701 0.0301122830894861 0.00494727309304533 0.00332225913621267
1988-05-31 -0.0135228784456888 0.0085611294683087 -0.0328792866305037 0.034097444745707 0.005069131376263 0.00331125827814562
1988-06-30 0.0237456658572239 0.0438716162849143 -0.0268553125364994 -0.0287380610261178 0.00545268520779606 0.00494233937397042
1988-07-31 0 -0.00378392014126639 0.0306131616288786 0.00588185866733888 0.00558364046297734 0.00328407224958942
1988-08-31 -0.00204287309672327 -0.0351400753534525 -0.0693162728907541 -0.00676761695288047 0.00595960572664992 0.00652528548123978
1988-09-30 0.0222758141117638 0.040860138108698 0.0420483812611804 -0.0280918420594886 0.00619610239695797 0.00325203252032525
1988-10-31 0.0183294360285254 0.0270825355936923 0.0790178555878969 0.0461257673801229 0.00628377721869573 0.00162337662337665
1988-11-30 -0.0118569988331114 -0.0144431103891517 0.0564048797936424 0.0543657331136738 0.00638904663147702 0.00162074554294978
1988-12-31 0 0.0171456337637096 0.00572036390729771 0.068133635499671 0.00690756934361824 0.00483870967741931
1989-01-31 0.0157493526969754 0.0682060735422528 0.0174886582182567 0.00414967967384961 0.00703964893650815 0.00481540930979129
1989-02-28 -0.00748182734962025 -0.025538124771981 0.00530520497721593 0.0411838615105403 0.00715420066971934 0.00479233226837068
1989-03-31 0.00421130231113707 0.0227847280741558 -0.0198196838686598 0.0632315438435886 0.00740118884664348 0.00634920634920633
1989-04-30 0.0189742407029354 0.0493591323638156 0.00938344072757427 0.0308004309525319 0.00778118870981496 0.0063091482649842
1989-05-31 0.0267576322709903 0.0388818146821049 -0.0573429444099513 -0.0129678371958657 0.00736588294400817 0.00157480314960632
1989-06-30 0.0306021850260973 -0.00568824825778791 -0.0168918840787518 0.0338047388661456 0.00726000900438365 0.00313971742543176
1989-07-31 0.0187648268227107 0.0827938485071977 0.111730365977229 -0.028910587784798 0.00692517404906122 0.00156739811912217
1989-08-31 -0.0159007288949823 0.0191828533154723 -0.0468876600526363 0.033553321408746 0.00688116569172264 0.00312500000000004
1989-09-30 0.0050700022645833 -0.00406197880238874 0.0437352185089975 0.0562314453693464 0.00688116569172264 0.00466562986003106
1989-10-31 0.0236349305857227 -0.0237669025915012 -0.0416476992171308 -0.00709344589049135 0.00675800266919379 0.00310077519379849
1989-11-30 0.00945885360034216 0.0199724703786672 0.0480493830685166 0.0158656897248024 0.0065470728400796 0.00154798761609898
1989-12-31 0.00241619156800551 0.023457473445613 0.035807910920909 0.0836857686614506 0.0065470728400796 0.0092024539877302
1990-01-31 -0.0122471281564260 -0.0719613493812511 -0.0384279074753259 -0.00440715764880792 0.00661735378367598 0.00458015267175568
1990-02-28 0.00323665721777165 0.0127196652719665 -0.0747867620474574 -0.00324952056253990 0.00662614093986032 0.00606980273141132
1990-03-31 0.00101560981928880 0.0257887442593549 -0.116035336372732 0.00724522714051512 0.00667008351735029 0.00151515151515143
1990-04-30 -0.00916675599852545 -0.0255845712215379 -0.00772941911814161 -0.0105820105820107 0.0067667970785102 0.00302114803625382
1990-05-31 0.0273780309484151 0.0888522092432707 0.102661578011072 -0.0074301405265708 0.00670524573732721 0.00451127819548868
1990-06-30 0.0155071364372641 -0.00680063404407635 -0.00864219041970604 -0.0157506152584085 0.00664371661143752 0.00449101796407181
1990-07-31 0.0143445151292315 -0.00320603247069686 0.0141412384058086 0.0762352227947863 0.00669645450236067 0.00890207715133544
1990-08-31 -0.0131657899473969 -0.099365571690399 -0.107220602390469 0.142300025998787 0.00648560078403456 0.00736377025036819
1990-09-30 0.0081633057916819 -0.0511574142683541 -0.161538946293646 0.186592415057098 0.00642415090037675 0.00730994152046784
1990-10-31 0.0138000689636621 -0.00428635213573448 0.135052786430231 -0.064415681860814 0.0062750077044742 0.00145985401459846
1990-11-30 0.0210789148608145 0.0607263678810077 -0.0623642201625943 -0.0702240423994219 0.00618733739775869 0
1990-12-31 0.0162291248142400 0.0270924570900089 0.0163185813068178 -0.0200688073394495 0.00605591654750915 0.00580551523947759
1991-01-31 0.0115488118295589 0.0417318319257637 0.0315948403027592 -0.103597902730067 0.0055661739289563 0.00144927536231876
1991-02-28 0.00721991624527383 0.0667509973727742 0.0970596465307857 0.0137303851640512 0.00525208305824437 0.00144717800289427
1991-03-31 0.00635193290742166 0.0236325202479633 -0.0635932148507579 0.0362605258635505 0.00509525525769428 0.00144508670520244
1991-04-30 0.0116278278001094 0.00236949979859252 0.0100093812168240 0.0221400663781877 0.00499078385965981 0.0028818443804035
1991-05-31 0.00616044681849351 0.0413420257592623 0.0106155726159270 -0.000504392417300775 0.00485158868334942 0.00287356321839064
1991-06-30 -0.00106132661310361 -0.0479920013331112 -0.0790039688505934 -0.0242379886344066 0.00467775526333727 0.00143472022955536
1991-07-31 0.0136336401886125 0.0445354259069714 0.0470775620113635 0.0485786843614319 0.00476464968954412 0.00286123032904153
1991-08-31 0.0211975076631943 0.0231302493000934 -0.0204741807788986 0.0151674062121823 0.00478203392180033 0.00568990042674241
1991-09-30 0.0200754994306566 -0.0170157955392855 0.0536208550505902 0.00784439286000157 0.00457354073288157 0.00142045454545467
1991-10-31 0.0108324228829122 0.0132670353193008 0.0142212903314172 0.0278955763918610 0.00441733904786994 0.00283286118980154
1991-11-30 0.00891374236855052 -0.04198322529681 -0.0486787021326894 -0.0421261758027895 0.00428728095162937 0
1991-12-31 0.0293809130790092 0.102620770177011 0.0493904281084071 -0.0761377023430342 0.00375076555551217 0.00141442715700154
1992-01-31 -0.0137100347232956 -0.0189933926788332 -0.0215199804728363 0.0267527283536456 0.00325040129536433 0.00422535211267602
1992-02-29 0.00570638254277231 0.0127938924893559 -0.0368259152247728 -0.0111206526406183 0.0032762458710326 0.00420757363253853
1992-03-31 -0.00489010140526072 -0.0198280287474333 -0.0703646062766895 0.0110823319604263 0.00336242305075793 0.00140056022408976
1992-04-30 0.0077938262272978 0.028509683318095 0.00498193463095943 0.0290649736147757 0.00344002014596658 0.00139860139860132
1992-05-31 0.0181687620850951 0.00488006617038878 0.0630062356810843 0.0261763288903165 0.00313845385444752 0.00417827298050135
1992-06-30 0.0141096299460334 -0.0150920425683760 -0.0494282133576326 -0.00553066085341741 0.00316428128718612 0.00139082058414476
1992-07-31 0.0197377220784508 0.039244156734628 -0.0259285059483424 -0.0141242937853107 0.00310402342741005 0.00277392510402203
1992-08-31 0.0109077871131272 -0.0208968129786708 0.0593207591293507 0.00102245306940411 0.00270857800844679 0.00414364640883994
1992-09-30 0.0120923290234838 0.0116191522699062 -0.0198144876050766 0.0113218228134730 0.00269140575851627 0.00275482093663896
1992-10-31 -0.0129239718957333 0.00344736682010827 -0.0550202632087618 -0.0224491483380187 0.00245975157593393 0.00137551581843203
1992-11-30 -0.000145838050682602 0.0329267336052715 0.00962365225065618 -0.0129826618644778 0.00250262646344528 0
1992-12-31 0.0152569916855632 0.0121275524042000 0.00544522121654911 0.00225639311382235 0.00276010526209657 0.00410958904109585
1993-01-31 0.0188298637634511 0.00828065861015593 0.000176162559971034 0.011972586904467 0.00270857800844679 0.00409276944065480
1993-02-28 0.0168985485584923 0.0134574195871795 0.0295997119554157 0.0115083251714007 0.00248547519823169 0.00272108843537419
1993-03-31 0.00479257857779061 0.0206600831600832 0.080423599106782 0.0203885823938594 0.00251120275125671 0.00271370420624156
1993-04-30 0.00723947349938497 -0.0247669773635153 0.0869058867014629 -0.0108300331366686 0.00248547519823169 0.00135501355013542
1993-05-31 0.000793550825040993 0.0260486141989031 0.0209172001540233 -0.0286403125909299 0.00247690022076278 0.00135317997293652
1993-06-30 0.0181622232822741 0.00291868326744752 -0.0156114066787125 -0.0323120494335735 0.00260557075646795 0
1993-07-31 0.00565501757640607 -0.00404332665628026 0.0340356891426586 -0.00870016880924551 0.00263131666480490 0.00269905533063412
1993-08-31 0.0177255949515185 0.0365605232121798 0.051422340964215 0.00815695702571588 0.00260557075646795 0.00269179004037689
1993-09-30 0.00369980039645638 -0.00772513640538052 -0.0227981635642923 0.00252655018842054 0.00255409074369524 0.00402144772117959
1993-10-31 0.00406488056202885 0.0202709854980417 0.0301028297914605 -0.0372673566383865 0.00249405061244807 0.00133868808567615
1993-11-30 -0.00858117839663738 -0.00963645107853455 -0.0955308361993834 -0.0527964833520389 0.00260557075646795 0
1993-12-31 0.00547876506231031 0.0119500175994370 0.0675419233347785 -0.0191592793823278 0.00265706650897859 0.00267022696929243
1994-01-31 0.0131122199924066 0.0328839869281045 0.078137775571954 0.0752754517408551 0.00257124899953851 0.00266311584553913
1994-02-28 -0.0184499806661879 -0.0279055933656419 -0.00257093745891773 -0.0222102085867460 0.00249405061244807 0.00397877984084896
1994-03-31 -0.0232236093742273 -0.0455867556937713 -0.0447774697431792 -0.0120828013861025 0.00285461283489027 0.00132450331125820
1994-04-30 -0.0089984120449332 0.0126612000144493 0.0409068511085216 0.0255476074110277 0.00297497188857666 0
1994-05-31 0.000219164608657418 0.0161528209684585 -0.00555849667869089 0.0146659662026092 0.00328486160920701 0.00395778364116091
1994-06-30 -0.00192808252193181 -0.0251202273389682 0.0141526231646805 0.0240129892326099 0.00356942793512864 0.00263157894736846
1994-07-31 0.0178478435828244 0.0317824261878726 0.00974156517363974 0.0169277943462006 0.00355216783300544 0.00393184796854518
1994-08-31 0.00177129624929760 0.0393914236822933 0.0233376841030805 -0.0722907846139988 0.00375076555551217 0.00261437908496736
1994-09-30 -0.0142696100622232 -0.0250785876795360 -0.0322861981597784 -0.00950302368935554 0.00388905827533994 0.00130548302872055
1994-10-31 -0.00088664453905129 0.0219795152276936 0.032445443856479 0.00448126018468207 0.00398420018323245 0.00130378096479803
1994-11-30 -0.00228132819247939 -0.0377937210245202 -0.0502441693269066 -0.0338243827564905 0.00428728095162937 0
1994-12-31 0.00743125120421988 0.0146083029355569 0.00645388522452925 0.0327483738972601 0.0045474971133371 0.00389610389610386
1995-01-31 0.0192281687210691 0.0252780928838697 -0.0396933344045019 -0.0254830878632733 0.00472988657286899 0.00388098318240617
1995-02-28 0.0225779229802046 0.0375132404465086 -0.00262062557835465 0.00801189812917578 0.00494727309304533 0.00258064516129036
1995-03-31 0.00664387516180454 0.0286659490945929 0.0589577075488994 0.0134372089853953 0.00490377348634572 0.00385604113110536
1995-04-30 0.0132626655549392 0.0285995448674581 0.036493189027883 0.0297122657310603 0.00487767907729911 0.0012836970474969
1995-05-31 0.0381364258703352 0.0384410668874564 -0.0118004150144138 -0.00851706970128037 0.00486028503526798 0.00256081946222777
1995-06-30 0.00747166807526848 0.022700015894346 -0.0175747531398789 -0.0181673350049333 0.00487767907729911 0
1995-07-31 -0.00217550216120015 0.0320970042796005 0.0588485791566857 0.0254503431606061 0.00465169562103393 0.00255427841634742
1995-08-31 0.0115513780288204 0.00249717498360788 -0.0393968357827258 0.0207582864695364 0.0046603817231921 0.00127551020408174
1995-09-30 0.00949224797155904 0.0405049058321176 0.0194061001983132 0.00420645161290331 0.00463432475237524 0.00381194409148662
1995-10-31 0.0137699494713130 -0.00358678130037624 -0.0273518347145607 0.00996423096576396 0.00450409997670884 0
1995-11-30 0.0143601672101197 0.0420425444297168 0.0273178748973837 0.0262874201840949 0.00448674423484097 -0.00127226463104337
1995-12-31 0.0137922085282893 0.0189005605777485 0.0389659083037597 0.0927830398049998 0.00458222282919613 0.00632111251580278
1996-01-31 0.00668481087111433 0.032918192918193 0.00432423415663786 -0.00162009826084342 0.00418330637510719 0.00252206809583862
1996-02-29 -0.0178994230078992 0.009182303197474 0.0036169970494287 0.0385429043382502 0.00425261566162828 0.00501882057716444
1996-03-31 -0.00679452004876875 0.00953807441135932 0.0210373486666944 0.0610372073564377 0.00412268402782269 0.00374999999999996
1996-04-30 -0.00572326458187956 0.0145244140048416 0.0284843892733539 0.05458012566967 0.00427861396352042 0.00249376558603495
1996-05-31 -0.00188636523580322 0.0251413047232039 -0.0184991174033507 -0.00796063762892277 0.00424395044836221 0
1996-06-30 0.0121613758812727 0.00380729578789227 0.00583872124501919 0.0373492923291981 0.00431328457886811 0.00248756218905476
1996-07-31 0.00316217323707719 -0.0462278638959543 -0.0298421176717655 -0.0496755873326761 0.00435663283601801 0.00124223602484465
1996-08-31 -0.00165840482280427 0.0206565929546682 0.00244318343520842 0.0311975453192577 0.00441733904786994 0.00371287128712868
1996-09-30 0.0169220225132475 0.0532943257283336 0.0261180470438965 0.0342535646322292 0.00435663283601801 0.00369913686806408
1996-10-31 0.0215775127075961 0.0268359747120464 -0.0100855196698352 -0.00248215947874649 0.00426128131855395 0.00123152709359616
1996-11-30 0.0170310816884127 0.0702711407234446 0.0384966815912808 0.0768238176806234 0.00427861396352042 0
1996-12-31 -0.00897561396942391 -0.0202074134921451 -0.0127848767006271 0.0095530219402101 0.00429594838353424 0.00368098159509199
1997-01-31 0.00281215413303407 0.0587973790517425 -0.0360184576059952 -0.0149210756630243 0.00425261566162828 0.00244798041615671
1997-02-28 0.00178258483398608 0.0077767655942848 0.0163264329618758 -0.0740423212705567 0.00431328457886811 0.00244200244200248
1997-03-31 -0.0102024420430940 -0.0428499999999999 0.00385273873872477 0.0165880773006209 0.00432195334236529 0.00121951219512188
1997-04-30 0.0150041777288553 0.0563366990657734 0.00551728830612406 0.0226110910005915 0.00449542188346740 0
1997-05-31 0.008703936135328 0.0573909021365925 0.0613164453764447 0.00710071620804227 0.00444336265973799 0.00121802679658946
1997-06-30 0.0119212549159815 0.0428830485531121 0.0524694516685429 -0.0571940501382431 0.00422662135267261 0.00121654501216555
1997-07-31 0.0263605187797959 0.0736964133623545 0.0161192502036398 0.0393569696735882 0.00426994741917331 0.00121506682867551
1997-08-31 -0.00889794932860677 -0.0593395209730913 -0.080472345774861 0.0246664872108808 0.00434796229658703 0.00242424242424246
1997-09-30 0.0149274708166999 0.0519183246736788 0.0532495823515199 0.0246705511704327 0.00439131943477038 0.00241837968561068
1997-10-31 0.0146895514041092 -0.0345460504752539 -0.0830079778944836 0.0267739640028243 0.00414866237422774 0
1997-11-30 0.0039549491241286 0.0442403026102483 -0.0100638380861901 -0.109376142986028 0.00431328457886811 -0.00121065375302674
1997-12-31 0.0101545566850066 0.0168845567515128 0.00887301965376086 -0.0724739063209956 0.00439131943477038 0.00120918984280542
1998-01-31 0.0129541131285279 0.0109428186324904 0.043945975836896 -0.0163811333730916 0.00451277851459944 0.00241254523522319
1998-02-28 -0.000713198318408126 0.0672704027274665 0.060501957470178 -0.07064625826142 0.00433062254979477 0.00240673886883260
1998-03-31 0.00375542094431983 0.0487162162162162 0.0300844567841778 -0.00522051304055565 0.00441733904786994 0.00120192307692318
1998-04-30 0.00484028972315855 0.00996059910762671 0.0080770534160201 -0.0280326422584913 0.00432195334236529 0.00239808153477222
1998-05-31 0.00981596497771647 -0.0174926319945004 -0.0046481860124742 -0.0495127427605843 0.00422662135267261 0.00119760479041909
1998-06-30 0.00864079434227992 0.0390353659892599 0.00773256337959745 -0.0367576475105594 0.00423528567872167 0.00119617224880376
1998-07-31 0.0021483169837932 -0.0107629959209039 0.0102541326849847 -0.0853178909716012 0.00421795747018094 0.00119474313022710
1998-08-31 0.0158520066278266 -0.169016152716593 -0.141120876955059 -0.0627171109993679 0.00423528567872167 0.0011933174224343
1998-09-30 0.0229483939635746 0.0602052600614472 -0.03134986582798 0.0927290077933383 0.00418330637510719 0.00238095238095241
1998-10-31 -0.00434401378604151 0.075222665538226 0.0946309921496154 -0.0492196351563803 0.00387176549696708 0
1998-11-30 0.0047373804005109 0.0571433999784675 0.0489589507349196 -0.138530151444699 0.00351765291942268 -0.00119189511322997
1998-12-31 0.0037297054822932 0.054490691672505 0.0381764282399878 -0.0175107470811181 0.00381989777269441 0.00237812128418536
1999-01-31 0.00699769617258103 0.0401358745631782 -0.00273421112104203 0.00434599818663475 0.00379396987748048 0.00118764845605711
1999-02-28 -0.0195179357963923 -0.0320743636439134 -0.0241717594438151 -0.0482043494881706 0.00371621004854771 0.00355029585798813
1999-03-31 0.00642736975145641 0.0384665841513567 0.0402926072990163 0.144443132160151 0.00387176549696708 0.00705052878965916
1999-04-30 0.00358709275076106 0.0372849525838636 0.0391532775617794 0.0396876635840168 0.00375076555551217 0
1999-05-31 -0.00969533818364635 -0.0241887407907317 -0.0540514173074467 -0.0577167087310999 0.00375076555551217 0
1999-06-30 -0.00385265110171119 0.0525794179392364 0.0377377488542892 0.0604283175098625 0.0038631197710433 0.00351288056206102
1999-07-31 -0.00336659365620187 -0.0322300322300322 0.0290824556409526 0.0346314005315031 0.0039409472251038 0.00233644859813071
1999-08-31 -0.000205307253984780 -0.00496907455822772 0.00386040005178517 0.0657561883462425 0.00392364913913684 0.00465116279069774
1999-09-30 0.0111754322836636 -0.0281883847941851 0.0101837994210251 0.0503660963583438 0.0041140254653642 0.00116144018583036
1999-10-31 0.00301903165559539 0.059515537644179 0.0363066393053632 -0.0543730597128866 0.00397554870653248 0.00116009280742469
1999-11-30 6.05984215322608e-06 0.0199217379005432 0.0337703882862092 0.0388900385664566 0.00424395044836221 0
1999-12-31 -0.00456073965311118 0.0556198674186208 0.0825242824262397 0.0405269295056697 0.00438264711885979 0.00231481481481485
2000-01-31 -0.00264774063128287 -0.0529002416868073 -0.0676506539242568 0.067427759579031 0.00442601314080616 0.00575373993095512
2000-02-29 0.0119980172154903 -0.0192938677993098 0.0263933317657035 0.0588017212423872 0.00463432475237524 0.0091220068415051
2000-03-31 0.0135052493313410 0.0891065167452545 0.0374957412130867 -0.0117432827973571 0.0048168077355213 0
2000-04-30 -0.00384224462569478 -0.0310139363266934 -0.0553450028948859 -0.00919173552649454 0.00489507490381776 0.00113895216400905
2000-05-31 -0.000151706277534036 -0.0209478721238036 -0.0248288149172596 0.100698010713111 0.0048168077355213 0.00566251415628539
2000-06-30 0.0198834599538476 0.0240606509243204 0.037852889802384 0.0665263386612708 0.00491247251509855 0.00225988700564975
2000-07-31 0.00889770769150437 -0.0158830298380910 -0.0435465289768999 -0.0831869706303745 0.00486028503526798 0
2000-08-31 0.0140942553325364 0.0584813940116801 0.00880647303415394 0.133515173916923 0.00515622662697854 0.00449943757030378
2000-09-30 0.00614087748261539 -0.0557358791569885 -0.0509652630306466 -0.0138816377799718 0.00524336659990406 0.00224466891133545
2000-10-31 0.0068216952720153 -0.00424706534334215 -0.0239802506006781 0.00224866292233352 0.00517365104268479 0
2000-11-30 0.0167786389894622 -0.0855820872666018 -0.0387305156390951 0.0843779270918458 0.00530439120911619 0
2000-12-31 0.0185455187383948 0.00486567684068437 0.0345414834746465 -0.0210518677170943 0.00530439120911619 0.00668896321070244
2001-01-31 0.0145060760570278 0.0342645396967228 -0.000471719899201253 -0.0560493921456305 0.00485158868334942 0.0033333333333333
2001-02-28 0.00913932441994705 -0.100331392019988 -0.0809584230368327 -0.0141546581012309 0.00437397524712028 0.00221729490022176
2001-03-31 0.00554166992937739 -0.0676303147807402 -0.0709053038712579 -0.0407940598689107 0.00416598348802935 0.0044150110375275
2001-04-30 -0.0053115382610537 0.0721042288542963 0.06554012001076 0.0509669801095136 0.00360395343139044 0.00439560439560446
2001-05-31 0.00591357425437885 0.00665873688883314 -0.0357329131341994 -0.0293205015120967 0.00317289131017557 0.00109769484083419
2001-06-30 0.0034597809683593 -0.0249486676933128 -0.0422340631590441 -0.0779831961309785 0.00305239096094229 -0.00220022002200208
2001-07-31 0.0225314361588707 -0.00994438684136104 -0.0184494689322075 0.00238836645333229 0.00295777247633852 0
2001-08-31 0.0103130514745237 -0.0667806282130243 -0.0257719544820066 0.00946860065491624 0.00296637196314693 0.00438116100766694
2001-09-30 0.0136088557620175 -0.0878449979148008 -0.112422781354095 -0.123040348717433 0.00283742569747516 -0.00329670329670327
2001-10-31 0.0200237498090653 0.018710837392156 0.0249330725797315 -0.053104340090023 0.00198884736550027 -0.0022026431718062
2001-11-30 -0.0141882106723409 0.0712434264636244 0.0356123897119205 -0.0567543197450092 0.0018093948612767 -0.00331491712707179
2001-12-31 -0.00650549954631508 0.00868448035182643 0.00592600637256451 -0.0134343953105355 0.00156189417297192 0.00220507166482914
2002-01-31 0.00733750736446877 -0.0148117967844047 -0.0560315784787671 -0.0322053479376731 0.00144254151404322 0.00329670329670327
2002-02-28 0.00964807661498486 -0.0196601026466998 0.00701322063829636 0.041853198539972 0.00142549805953728 0.00655021834061129
2002-03-31 -0.0176951783607956 0.0362442482891163 0.0517679530535109 0.118801337197996 0.00146810994114912 0.00542888165038002
2002-04-30 0.0193290879876192 -0.064544262295082 0.00718989584578707 0.0109480471504852 0.00151925848187349 0
2002-05-31 0.00833218329041474 -0.00741856424688032 0.0133842593510795 -0.045490671731116 0.00144254151404322 0
2002-06-30 0.0083595874655688 -0.0767036765699572 -0.0410527844801261 0.0330431078916424 0.00145958669935695 0.00108459869848165
2002-07-31 0.0135353405760538 -0.0845380070043354 -0.10943925643034 0.00575067126965854 0.00142549805953728 0.00324324324324321
2002-08-31 0.0170261504956980 0.00652182243169712 -0.00203723972742294 0.0570309968054077 0.00141697698125485 0.0021574973031284
2002-09-30 0.0164999333560417 -0.121930458109781 -0.120003139105680 0.0436705270294577 0.00139993612246634 0.00107758620689649
2002-10-31 -0.00455428789273519 0.0808986810598937 0.0510740722987269 -0.0495216575567651 0.00137437807823035 0
2002-11-30 -0.000271582937894857 0.0555866526356641 0.0435319752864561 -0.00217716537724921 0.00139141634189438 -0.00215982721382293
2002-12-31 0.0203693006321444 -0.0624098066889738 -0.0347145362832091 0.0786052199658869 0.00102547449063418 0.00430107526881727
2003-01-31 0.000725646458125827 -0.0269024704023971 -0.0434836223166101 0.0824946727624371 0.000982974893418962 0.0085287846481876
2003-02-28 0.0138486471441207 -0.0152350563358161 -0.0233941406090981 0.108118191314729 0.000982974893418962 0.00530222693531283
2003-03-31 -0.00089327357806406 0.0096196355181504 -0.0192625363699609 -0.16837649134233 0.00100847335870409 -0.00212539851222107
2003-04-30 0.0081574952781544 0.0761003577722813 0.0902124696689114 -0.0653843842367224 0.000974476266888794 -0.00106382978723398
2003-05-31 0.0183569240515079 0.0500459862616044 0.0579549513666954 0.087490402927481 0.000965978071253105 0.00106269925611046
2003-06-30 -0.00176442745950487 0.0126003916337940 0.0241519665984425 0.00218881515456024 0.000923493555345037 0.00106157112526548
2003-07-31 -0.0347470317050454 0.017325162270886 0.0237772051112372 0.00707075945834478 0.000728203403658435 0.00317460317460314
2003-08-31 0.00669459459459463 0.0191274020378855 0.0237454587949260 0.0392587353218997 0.000770638423180284 0.00316455696202529
2003-09-30 0.0259329982308836 -0.0107342563088811 0.0300917444272567 -0.0425752395842095 0.000830065516001398 -0.00105596620908125
2003-10-31 -0.0098579616953849 0.0535450275411809 0.058728406700507 0.0214373016359084 0.000787615441522668 -0.00211640211640215
2003-11-30 0.00264710899460228 0.00872204244943488 0.0218854793472257 0.0249513299067574 0.00079610459593898 -0.00105932203389824
2003-12-31 0.00992505020717304 0.0498293220944706 0.0725023778181901 0.0587794111439661 0.000787615441522668 0.00421940928270033
2004-01-31 0.0079984096932322 0.0180187811607532 0.0140156331447637 0.00390271450656409 0.000745176121401904 0.00524658971668416
2004-02-29 0.0104123357099904 0.0137136718983112 0.0227261662810102 0.0690781457068242 0.000762150559188821 0.0072916666666667
2004-03-31 0.00769228146385217 -0.0153173131687691 0.00598258107473065 0.0196999986065609 0.00079610459593898 0.00311526479750776
2004-04-30 -0.0266543096107616 -0.0159494247496169 -0.0222573872669757 0.0268399488399771 0.000787615441522668 0.00516528925619835
2004-05-31 -0.00436494298589866 0.0135353412679135 0.00431199087752223 0.0442221753465632 0.000813084195425343 0.00308959835221418
2004-06-30 0.00576423778092576 0.0190787631862666 0.0218297251830584 -0.0493180428176749 0.000898008014437202 -0.00103092783505149
2004-07-31 0.0100603325818434 -0.0342335793403398 -0.0333946208919589 0.0719492114175168 0.00109349626462512 0
2004-08-31 0.0187368739165942 0.00403109526760456 0.00462130193590718 -0.0403989482011724 0.00121260080767879 0.00205761316872431
2004-09-30 0.00259849779902407 0.0107133318765630 0.0256094360996089 0.112010281490444 0.00128921270094801 0.00613496932515332
2004-10-31 0.0083908380846992 0.0150479777598422 0.0330317067928982 0.0398312094975973 0.00143401957045575 0
2004-11-30 -0.00855833504099226 0.0388891761907224 0.064187662206554 -0.0508338168697633 0.00158748078533073 -0.00410677618069806
2004-12-31 0.0095816850179347 0.0329082270567642 0.0420691580343316 -0.110968469838001 0.00182647732282064 0.00204918032786874
2005-01-31 0.00648164658319988 -0.0249874692426865 -0.0186132100261254 0.0633332493481984 0.00186919107555536 0.00610997963340131
2005-02-28 -0.00589881990076439 0.0206121731757251 0.0416290746744975 0.0586117896391003 0.00202305052637972 0.00808080808080805
2005-03-31 -0.00504662930481859 -0.0180249760064513 -0.0253623563365631 0.0702805348155467 0.00225410399570083 0.00602409638554211
2005-04-30 0.0139690534550109 -0.0193344100400003 -0.0228958774356142 -0.0995157736821228 0.00238260428439809 -0.00100502512562808
2005-05-31 0.0108052104267693 0.0308394017257049 0.00152718867611767 -0.00738298590022055 0.00242545952577807 0.00100401606425697
2005-06-30 0.00568031887560239 0.00141737488725425 0.0134850880470147 0.05477908593349 0.00245975157593393 0.004995004995005
2005-07-31 -0.00944750720562092 0.0358545293485364 0.0298035745833288 0.0520899363139389 0.00253693423591002 0.00497017892644135
2005-08-31 0.0131579482780649 -0.00920696873228374 0.0249200392453687 0.131518134388380 0.00285461283489027 0.0117878192534381
2005-09-30 -0.0107652038865619 0.00802993516570861 0.0428238397870657 0.000179324740644922 0.00294917342811788 0.00196078431372552
2005-10-31 -0.00798059120219626 -0.0169535331317019 -0.0300103039670274 -0.115138955173141 0.00293197664730572 -0.00790513833992092
2005-11-30 0.00432760694563575 0.0364439828748251 0.0241304711143127 -0.0400180161779318 0.00325901571414494 -0.00396825396825402
2005-12-31 0.00942819151111118 0.000344292426096355 0.0445233186314169 0.0278850764297325 0.00330209440518539 0.00689655172413796
2006-01-31 -3.10766251437568e-05 0.0258007255164015 0.0579093090455089 0.0415407841878303 0.00334518409454274 0.00196656833824978
2006-02-28 0.00347906732635021 0.00270688918736716 -0.00205282388558312 -0.112400343025415 0.00369029805475796 0.00586510263929613
2006-03-31 -0.0100174255463284 0.0122955402616678 0.0323661843953062 0.0488005362810635 0.00381989777269441 0.0087209302325582
2006-04-30 -0.00234894013049116 0.013246129231263 0.0462555286778303 0.059561488952323 0.00385447448724941 0.00482160077145612
2006-05-31 -0.000887724707897319 -0.029632154347478 -0.0391027179909903 -0.00775601978304193 0.00398420018323245 0.00192492781520696
2006-06-30 0.00188584536232876 0.00135119105944719 0.000366671850509853 0.0114908833401544 0.00402746420648729 0.00287907869481763
2006-07-31 0.0137341644555434 0.00613022106725305 0.00991434557115238 0.0196579522215764 0.00418330637510719 0.00191570881226056
2006-08-31 0.0153586076399229 0.0232449860319813 0.0270182724108366 -0.0782545238107505 0.00425261566162828 -0.00481231953801732
2006-09-30 0.00860908075903377 0.0251209191318225 0.00173689538034707 -0.11990153494437 0.00425261566162828 -0.00580832526621499
2006-10-31 0.00677894232421321 0.0315553139697021 0.0375202945084227 -0.0263596253806491 0.00407073929911494 -0.00096899224806196
2006-11-30 0.0114278011825948 0.0186651452532364 0.0292797912254858 0.0523853646186292 0.00426994741917331 0.000968054211035763
2006-12-31 -0.00609323997629503 0.0138326631993524 0.0304947467999781 -0.0766333531225607 0.00421795747018094 0.00289575289575287
2007-01-31 -0.000487822476538126 0.0148973274032417 0.00679654621166575 -0.0234357737626193 0.00416598348802935 0.0057581573896354
2007-02-28 0.0153795068611628 -0.0199514656812729 0.00814813873373232 0.0411996048860909 0.00427861396352042 0.00950570342205323
2007-03-31 -0.000124342663667041 0.0110630329254767 0.0253060046517996 0.0313302132387429 0.00432195334236529 0.00567107750472584
2007-04-30 0.00546498873974211 0.0424143769286682 0.0433573444110987 -0.00275817705921584 0.00420929403121263 0.00657276995305167
2007-05-31 -0.00787925799654103 0.03372095468405 0.0185267354383563 -0.0157787971434898 0.0041313430334301 0.00187441424554829
2007-06-30 -0.00303843743715219 -0.0168929755158773 0.0015404831147137 0.0312068057150753 0.00407939564633907 0
2007-07-31 0.00914276657362055 -0.0319982345801611 -0.0148370717201049 0.0525455319811507 0.00399285210253746 -0.00187793427230050
2007-08-31 0.0128276893981111 0.0147670793273935 -0.0156287860431306 -0.0436978307824033 0.00412268402782269 0.00280898876404492
2007-09-30 0.00700808584678894 0.0360520094562647 0.050955024856559 0.0927715631782836 0.00346589377165394 0.0018691588785047
2007-10-31 0.00917814432897255 0.0156580722623131 0.0379089662571268 0.0876489632393185 0.00314706255935572 0.00557620817843861
2007-11-30 0.0196706299495248 -0.0436327152785552 -0.0337246488793742 -0.0383916961891334 0.00328486160920701 -0.000930232558139482
2007-12-31 0.00154921047318940 -0.00698542643188239 -0.022966290618666 0.0545094844204563 0.00257124899953851 0.00555041628122104
2008-01-31 0.0186310703515822 -0.0638082937404861 -0.101661084296118 -0.00025480966642295 0.00269999166469018 0.00276752767527686
2008-02-29 0.00375441680319633 -0.0335785493952239 0.0144250245840635 0.101192169852204 0.00192046191287971 0.00823421774931374
2008-03-31 0.00209663802878908 -0.00433341952289277 -0.0101425135262634 -0.0118810633802112 0.00167279766027474 0.00636363636363639
2008-04-30 -0.00428074460445573 0.0464401656522672 0.0526377455061204 0.0737701014362593 0.00107648823366197 0.00811541929666371
2008-05-31 -0.00852169236907382 0.0127879197656073 0.0115049874943695 0.0834429000119886 0.00108499203348315 0.00982142857142852
2008-06-30 0.00128130813258911 -0.0920663361998946 -0.0888312043983667 0.0843877768464717 0.00157895148132581 0.00532859680284187
2008-07-31 -0.00106371370492510 -0.00847899364075473 -0.0330720669694515 -0.13929377413958 0.00148515772316893 -0.00356506238859172
2008-08-31 0.0102548404377441 0.0142596389580774 -0.0419495843187981 -0.0764550506378029 0.00133178998616640 -0.00178571428571431
2008-09-30 -0.0122549126076387 -0.0978221162111053 -0.168557148349536 -0.142097195589725 0.00143401957045575 -0.00991884580703331
2008-10-31 -0.0240821020180744 -0.201851744242354 -0.252717420471331 -0.39272935271744 0.000711232405696985 -0.0193014705882354
2008-11-30 0.0410576825317151 -0.0772981470146346 -0.0566158060491857 -0.174271738922916 0.000516189453979363 -0.0111524163568774
2008-12-31 0.0313105427036766 0.0105300830018307 0.05681010308464 -0.153663019798808 5.91539854876173e-05 0.00462534690101758
2009-01-31 -0.00948180984514707 -0.092047410391504 -0.10861888777971 -0.0981634297157781 1.68990024866072e-05 0.00551977920883173
2009-02-28 -0.00254551360197845 -0.119166582551058 -0.113922820128601 -0.0649704606545519 0.000160609544602579 0.00183654729109277
2009-03-31 0.0128448156636843 0.0805426224690251 0.0600393446965367 0.0431147100178699 0.000245202895492928 0.00274725274725272
2009-04-30 0.00172543944785949 0.0873490361607363 0.114743596247657 -0.00927172387122593 0.000152152562749384 0.00273972602739723
2009-05-31 0.00688087162709727 0.0529689766506013 0.107245723338155 0.164334350170881 0.000109874068802795 0.00815217391304353
2009-06-30 0.00621375703843902 0.00198140018946724 -0.00542442549839218 0.00567856970042055 0.00013523988220421 -0.000906618313690014
2009-07-31 0.0131762565142058 0.0703152619533464 0.083767205176144 0.00442313970423843 0.000160609544602579 0.00180995475113125
2009-08-31 0.0107566588840712 0.0348454373488495 0.0516966355236737 -0.0242270658682635 0.000160609544602579 0.000904159132007182
2009-09-30 0.0108436014241677 0.0359752086146601 0.0370517828780044 0.00172325281842824 0.00013523988220421 0.000903342366757078
2009-10-31 0.00421096820327897 -0.0189278343241192 -0.0126069619922171 0.0554695588073216 9.29656644342867e-05 0.000902527075812223
2009-11-30 0.0133866785344948 0.0565879690238977 0.0198657967389052 0.0150149722611085 5.91539854876173e-05 -0.00180831826401449
2009-12-31 -0.0175440663047782 0.0189496598639455 0.0143246955846889 0.00856937810861873 4.22507103907114e-05 0.00360360360360365
2010-01-31 0.0151801064312733 -0.0373151179857739 -0.0460193118708376 -0.0857102218918865 5.91539854876173e-05 0
2010-02-28 0.00309597565786615 0.0300448455047720 -0.0068025831280239 0.0526572837260156 5.91539854876173e-05 0.00359066427289054
2010-03-31 -0.00137788506473095 0.0569125423448732 0.0593158695182155 0.0189860319133217 0.000101419652850253 0.0017921146953404
2010-04-30 0.00989085921739612 0.0155410386111181 -0.0175714054911789 0.027000645898738 0.000118328912324343 0.000895255147717176
2010-05-31 0.00912470428772431 -0.0867859688282126 -0.128250816501671 -0.151929776339547 0.00013523988220421 0.000894454382826425
2010-06-30 0.0153078206777950 -0.0552407271370436 -0.00982411997559968 0.00415452363937863 0.000143696008627411 0.00349650349650355
