"Index" "weights/mES/tact_EqualWeight_CC" "weights/mES/tact_MinRisk_PositionLimit_CC" "weights/mES/tact_MinRisk_RiskLimit_CC" "weights/mES/tact_EqualRisk_CC" "weights/mES/tact_MinRiskConc_CC" "weights/mES/tact_MinRiskConc_PositionLimit_CC"
1984-01-31 0.00833556571277327 0.00833556571277327 0.00833556571277327 0.00833556571277327 0.00833556571277327 0.00833556571277327
1984-02-29 -0.00896387273195853 -0.00896387273195853 -0.00896387273195853 -0.00896387273195853 -0.00896387273195853 -0.00896387273195853
1984-03-31 0.00262048788730329 0.00262048788730329 0.00262048788730329 0.00262048788730329 0.00262048788730329 0.00262048788730329
1984-04-30 -9.21279304398892e-05 -9.21279304398892e-05 -9.21279304398892e-05 -9.21279304398892e-05 -9.21279304398892e-05 -9.21279304398892e-05
1984-05-31 -0.0374190791521043 -0.0374190791521043 -0.0374190791521043 -0.0374190791521043 -0.0374190791521043 -0.0374190791521043
1984-06-30 -0.0318771328987626 -0.0318771328987626 -0.0318771328987626 -0.0318771328987626 -0.0318771328987626 -0.0318771328987626
1984-07-31 -0.0162371417088808 -0.0162371417088808 -0.0162371417088808 -0.0162371417088808 -0.0162371417088808 -0.0162371417088808
1984-08-31 0.0350235399972414 0.0350235399972414 0.0350235399972414 0.0350235399972414 0.0350235399972414 0.0350235399972414
1984-09-30 0.0433956515292548 0.0433956515292548 0.0433956515292548 0.0433956515292548 0.0433956515292548 0.0433956515292548
1984-10-31 0.0690886856959823 0.0757374269817788 0.0789504031141552 0.0731482836142214 0.0731498480633432 0.0731595955304569
1984-11-30 0.0760542933942026 0.0829930538171004 0.0873007310102845 0.0807941334652604 0.0807961875236642 0.0808082925192219
1984-12-31 0.084684145952149 0.0988956344891652 0.104380220207476 0.0922317056548001 0.0922320119910016 0.0922533630125311
1985-01-31 0.12944304730568 0.154547516049537 0.161760661273079 0.14284856642119 0.142856319788503 0.142873139077598
1985-02-28 0.128563291283856 0.160023500530641 0.167870913116108 0.145263387727413 0.145272826714628 0.145294111840655
1985-03-31 0.138357343533228 0.167564257414643 0.175032752858304 0.153937595329575 0.153942410133173 0.153975128090511
1985-04-30 0.13958899429483 0.169233441272433 0.176733227061532 0.154861871263126 0.154878819118163 0.154904406967981
1985-05-31 0.17945553985655 0.217403910094341 0.225667557705234 0.198170550682914 0.198204077695147 0.198219932362758
1985-06-30 0.182619469368558 0.227034885822508 0.235611987569174 0.204050436275194 0.204093217276485 0.204102940321321
1985-07-31 0.17996893684051 0.22714291859007 0.235726675185972 0.202266265414074 0.202307660959449 0.20231825613476
1985-08-31 0.165172288835891 0.209532718804445 0.217988463844702 0.186228788382891 0.186267976877926 0.186275248738396
1985-09-30 0.169730090122951 0.200467379797437 0.20885444840234 0.185643267506315 0.185678049025032 0.18568788429975
1985-10-31 0.21749954796157 0.247984273597602 0.256709356312969 0.23362709134587 0.233663101350152 0.233669317871251
1985-11-30 0.239792120754856 0.282012462293738 0.290999203150379 0.260201830510338 0.260224733932292 0.260228414525954
1985-12-31 0.267032837856661 0.318771273359324 0.328019588156788 0.290630079269648 0.290645745394295 0.290652716403129
1986-01-31 0.250066685766375 0.315800131610082 0.325029262401321 0.278598703213109 0.278602207504958 0.278622201774023
1986-02-28 0.288443883494272 0.372833249429679 0.382464346890685 0.323677042782855 0.323679257520705 0.323711421613976
1986-03-31 0.325184517395449 0.421060523739601 0.431031015347657 0.364585631457352 0.364589105094651 0.364627978920387
1986-04-30 0.341936652340101 0.42595711395705 0.435961980670584 0.377517953504071 0.377521445513393 0.377555552846862
1986-05-31 0.344373472112422 0.445825471436978 0.455969908551219 0.385992880597177 0.385998003931433 0.386032455811128
1986-06-30 0.375664507857103 0.473333906748093 0.483671437255075 0.416432110588581 0.416437438745936 0.416469538360627
1986-07-31 0.364065779280497 0.453758558092263 0.464037170202683 0.401630494848628 0.401652285291276 0.40167292693299
1986-08-31 0.429604002118663 0.507980219728303 0.517999253961384 0.464621816689443 0.464639956003137 0.464662519231695
1986-09-30 0.387272579982459 0.465704442278289 0.475860099175797 0.421155953581129 0.421191645598285 0.421201681973692
1986-10-31 0.427344616950845 0.511601979776071 0.521977629338813 0.4635864851259 0.463615404722302 0.463632490087971
1986-11-30 0.445012525567047 0.525497501853373 0.535267042398709 0.480039398397737 0.480070434087205 0.480083755810051
1986-12-31 0.43511245391476 0.519030153410912 0.529554658468079 0.471199260548552 0.471236571114591 0.471245708818346
1987-01-31 0.510215147649453 0.592912794044451 0.598998243143524 0.543775855880937 0.543815184825589 0.543817442283591
1987-02-28 0.513755259699575 0.616643043493067 0.625095723764166 0.554922361396018 0.554979495916435 0.554963019126953
1987-03-31 0.557218247461296 0.648420170383642 0.653995053913021 0.59331345498556 0.593360896621413 0.593353585072843
1987-04-30 0.551074303470762 0.621826749743599 0.621393027110764 0.577316921659444 0.577349634309138 0.577354204777942
1987-05-31 0.569405108892051 0.628933600084039 0.625113449541444 0.590303426166179 0.590328482879992 0.590339423710493
1987-06-30 0.614535411380677 0.670770858035522 0.663828344401139 0.632600041321235 0.632623554669771 0.632636763870742
1987-07-31 0.651581070596452 0.705297029931191 0.698211393035277 0.668953680466189 0.66897140976219 0.668992985697229
1987-08-31 0.648889440069079 0.701063001880107 0.693996126133557 0.665283406997413 0.665297825020868 0.665334886765548
1987-09-30 0.62474669745952 0.675751999802993 0.668789843094816 0.641215205758898 0.641227729774956 0.641263186712425
1987-10-31 0.62699682101519 0.678072760974019 0.671100962324221 0.643488136671869 0.643500678032527 0.643536184074567
1987-11-30 0.689751968765074 0.742797966757933 0.735557257776719 0.706879373526081 0.706892398621515 0.706929274172632
1987-12-31 0.701111701102835 0.754514312580943 0.747224926327868 0.718354248640606 0.718367361300132 0.718404484755319
1988-01-31 0.762637734836774 0.812863456912646 0.805332575264557 0.779592541014857 0.779591127284969 0.77964408545795
1988-02-29 0.808160407405164 0.870415188357653 0.862645455693007 0.828797406520341 0.828799993911157 0.828853535733763
1988-03-31 0.810490982658137 0.862471153642195 0.854733980750124 0.827870596947394 0.82787405151626 0.827920835945171
1988-04-30 0.832765410412686 0.879379832214656 0.867770356262383 0.848639190689981 0.848647536791048 0.848693609685726
1988-05-31 0.841177055770761 0.878331986217509 0.862454873961933 0.85429145955542 0.854303072499768 0.854352780964569
1988-06-30 0.869555732904451 0.915602159317918 0.884681220617376 0.885273961543293 0.885269187945773 0.885326109818741
1988-07-31 0.876366756109729 0.922836642365581 0.888875849512591 0.892371377127195 0.892367605753755 0.892419955242657
1988-08-31 0.852845045806623 0.901260440593789 0.882248216893514 0.869505569095245 0.869505395838366 0.86955553672201
1988-09-30 0.866857168163904 0.920505582876775 0.898819462926594 0.884972647844634 0.884977726085556 0.885026042193162
1988-10-31 0.906086341780463 0.961533086856969 0.944706636248646 0.925124055218268 0.925113433324394 0.925182440765379
1988-11-30 0.912532927563114 0.96007496391018 0.949598663237312 0.928673300737656 0.928652255909709 0.928742442143021
1988-12-31 0.956257313221817 0.995347740347907 0.981628150295739 0.969051326880743 0.969012075658492 0.96913239085734
1989-01-31 1.00157543051984 1.04535462459881 1.00683070948299 1.01622389643856 1.01618237817877 1.01630036661667
1989-02-28 0.99648340976601 1.03098816887579 1.0111163506775 1.00804977857779 1.00801904486962 1.00812612313511
1989-03-31 1.04235820709349 1.06570917138036 1.04483568288768 1.05051461816431 1.05049444649813 1.05058663100672
1989-04-30 1.10137678388797 1.12234257650057 1.08768024178364 1.10862769255077 1.10860314449715 1.10870066540063
1989-05-31 1.14135607000941 1.17695554680424 1.12813207961612 1.15500046975002 1.15496983342001 1.1550984965071
1989-06-30 1.17669195668539 1.21076475752028 1.19122644368607 1.18935538765558 1.18933046493354 1.18944155387613
1989-07-31 1.22886538536087 1.2827527864589 1.21617513054724 1.25024983695501 1.25023333780371 1.25033592722909
1989-08-31 1.24962946792852 1.286427300863 1.20080888842671 1.26222847196412 1.26220660604106 1.26230884242754
1989-09-30 1.27399680005424 1.29101554180342 1.22759208249291 1.2774809974009 1.27745975854074 1.27756399657535
1989-10-31 1.24538690604926 1.27140202775038 1.26141491281059 1.25795690785397 1.25793584882245 1.2580433905746
1989-11-30 1.26346478594176 1.28601761391944 1.28240846738113 1.27483178183328 1.27481056541565 1.27493484292929
1989-12-31 1.31997480824055 1.31165547562864 1.31386024227713 1.31455299005104 1.31453140317979 1.31467597009651
1990-01-31 1.25535032727041 1.28552746633735 1.28649866806089 1.25248798398112 1.25246964600824 1.25259823453955
1990-02-28 1.24204568802398 1.29112674316675 1.28685427058166 1.24096912349945 1.2409473713183 1.24108420102048
1990-03-31 1.26176360811083 1.29517508658679 1.29147338058098 1.25792413009765 1.25790231199164 1.25803803251951
1990-04-30 1.22731397308377 1.26123536826818 1.26903343284912 1.22531255828657 1.2252921446978 1.22542889875805
1990-05-31 1.28727372986733 1.32730145944232 1.31746683310929 1.28820671030976 1.28821483236243 1.28830557825727
1990-06-30 1.28758562449382 1.34083758532232 1.34316369727894 1.29788101629382 1.29788935666993 1.29799490763644
1990-07-31 1.32707917180401 1.3906890141984 1.39207094526819 1.32525886563767 1.32525890306954 1.32536427594425
1990-08-31 1.31386571346646 1.40320744904773 1.40842773715166 1.28162726345114 1.28161887161221 1.2816970211045
1990-09-30 1.38437448330962 1.48050246623603 1.48934690266533 1.30832999769388 1.30829136721587 1.3083659820151
1990-10-31 1.3300136370601 1.45123472356296 1.47780346297153 1.27138526963278 1.27136881188585 1.27140884982256
1990-11-30 1.37402865584236 1.53099582696043 1.5087574784408 1.32888763751866 1.32887146555827 1.32889336989692
1990-12-31 1.39092777584624 1.55962151267995 1.53258087242353 1.3511523693554 1.35114598398566 1.35115366121648
1991-01-31 1.40900890518691 1.57285844732943 1.5174813028909 1.3665079163947 1.36653403132192 1.36648810939686
1991-02-28 1.49257377151893 1.64894474986382 1.54736400787018 1.43672050689439 1.43674044629812 1.43669699257433
1991-03-31 1.57972749775627 1.7207750560512 1.5780341604184 1.50648984089251 1.50646994749707 1.50645951869048
1991-04-30 1.61800331463688 1.75806659094829 1.61144113548681 1.54180551696753 1.5417867368935 1.54176785386037
1991-05-31 1.6636298783929 1.80109211494224 1.63010468602813 1.58187903361085 1.58186167381793 1.58184678637186
1991-06-30 1.59668820669576 1.74260329185922 1.60819009490696 1.52625294201166 1.52623583883968 1.5262360420125
1991-07-31 1.67827175695964 1.81919905345559 1.6648394152416 1.59837981783324 1.59834690715633 1.59835157397646
1991-08-31 1.71862701775413 1.86546875206039 1.71862941324077 1.6403034934768 1.64027192531159 1.64028324711885
1991-09-30 1.73827456098953 1.89260813128546 1.76105913833456 1.6645323633536 1.66451026984199 1.66451724774432
1991-10-31 1.76961271098425 1.92469952928468 1.79974692070684 1.69447907497225 1.69445986267024 1.69446795705549
1991-11-30 1.71717806241621 1.88672646044909 1.79116403882163 1.65724686959798 1.65723146233693 1.65724562832596
1991-12-31 1.7853052876898 1.96197518994396 1.83234320125625 1.72577899699274 1.72575750041323 1.7257990393883
1992-01-31 1.81400475612833 1.98025961688264 1.81247424352415 1.74224219707251 1.74218168072865 1.74230037943238
1992-02-29 1.80138336776845 1.97155494460044 1.82099156941368 1.73461532595629 1.73457467977567 1.73465332462539
1992-03-31 1.7813718636365 1.94922451150195 1.81247089252976 1.71522118314269 1.71518106680741 1.71526232497841
1992-04-30 1.82838354101698 1.99087804923979 1.84282439794774 1.75473355681214 1.75467979064091 1.75489912619363
1992-05-31 1.88507214322581 2.0503331526517 1.90024459934426 1.80920602864291 1.80914603704187 1.80940528961778
1992-06-30 1.87141457433644 2.04661333544006 1.92744970051002 1.80636017514843 1.80630766997762 1.80629069680284
1992-07-31 1.92711483466142 2.11147361571623 1.97148862095377 1.86317536661655 1.86313831554988 1.86309559964528
1992-08-31 1.91376923555209 2.10609921941287 1.99484221918026 1.85781071496261 1.85780015668721 1.85773687433984
1992-09-30 1.95634724299829 2.15178097039936 2.03310219151506 1.89906150245121 1.89905231390591 1.898981615379
1992-10-31 1.93031843034859 2.12391082638546 1.99134142534887 1.87241362882077 1.87239101992697 1.87233302786801
1992-11-30 1.95932083514075 2.15256725524921 1.98899888188804 1.89730638678774 1.8972586779296 1.89722264329912
1992-12-31 1.99557960787074 2.19559035655489 2.02918023028806 1.93544361401934 1.93539295795346 1.93535829324251
1993-01-31 2.06969062420273 2.27552645083109 2.08823788051438 2.00642784363014 2.00638522359193 2.00645727792448
1993-02-28 2.13718951388705 2.34777170375745 2.14181983451259 2.07087977198436 2.07084131618656 2.0710095140946
1993-03-31 2.22620272080211 2.43198873365176 2.17358397410081 2.14526523712949 2.14522360733566 2.14587428586724
1993-04-30 2.16614113574088 2.38341787034486 2.17650615596816 2.10382444884489 2.10382678658447 2.10255670122496
1993-05-31 2.15491677451898 2.37542975855205 2.16192599849233 2.09656058628155 2.09658711169008 2.09487354480186
1993-06-30 2.16866173167703 2.40363421687425 2.19704051246741 2.12166262487969 2.12168757920443 2.11877411975666
1993-07-31 2.17619784561277 2.41658192924386 2.20999613296052 2.13232867681729 2.13235632300132 2.12935130043968
1993-08-31 2.24443358849185 2.48816602253198 2.26317944723241 2.19743488592884 2.19746377693565 2.19446040140662
1993-09-30 2.27907430678951 2.52554553480078 2.284279528348 2.22913191845153 2.22914754013748 2.22630286709766
1993-10-31 2.28567369163334 2.53742796728959 2.29010274033923 2.23190792311204 2.23193582211875 2.22640789200406
1993-11-30 2.25054794638557 2.46591630931749 2.25066760816196 2.16727217466834 2.16733064530278 2.1533796658983
1993-12-31 2.26469880193109 2.48395371761265 2.2639860831393 2.17960022399135 2.17966210685148 2.16432753825586
1994-01-31 2.33131139594097 2.55503996740797 2.33058413490489 2.24447647496714 2.24453962047908 2.22889216685052
1994-02-28 2.26830040792275 2.48779720497406 2.26758690286171 2.18310794948536 2.18316990061448 2.16781841496847
1994-03-31 2.19688426172551 2.41158479974566 2.19618634757577 2.11355335709508 2.11361395452034 2.0985979166014
1994-04-30 2.17918866196123 2.39270077572859 2.17849461095086 2.09631901592373 2.09637927792622 2.08144635774796
1994-05-31 2.18463361047248 2.39851140321948 2.1839383707714 2.10162203484105 2.10168240005336 2.08672390448776
1994-06-30 2.18714438253939 2.4011907970035 2.18644859470982 2.10406736040114 2.10412777320551 2.08915748432946
1994-07-31 2.24374310751074 2.46159065323509 2.24303496357198 2.15919076672888 2.15925225237066 2.14401611445824
1994-08-31 2.22616424040284 2.44283120155895 2.22545993411946 2.14207011542692 2.1421312678586 2.12697769938364
1994-09-30 2.1815207645999 2.39518950076903 2.1808262044665 2.09859032930429 2.09865063551213 2.08370676124897
1994-10-31 2.18044280701795 2.39403914830073 2.17974848221426 2.0975404700747 2.09760075584969 2.08266194484519
1994-11-30 2.16289947183868 2.37531761485299 2.16220897693336 2.0804544245159 2.08051437775432 2.06565796929076
1994-12-31 2.1943816068027 2.40891406824753 2.1936842390094 2.11111593709529 2.11117648708234 2.09617220434694
1995-01-31 2.19753808993101 2.42876841952843 2.23105317733657 2.13439448133688 2.13447527461287 2.11288733089863
1995-02-28 2.27759471025592 2.52015989901248 2.300890043043 2.21380183517787 2.21388309190317 2.19297536336078
1995-03-31 2.3131526095672 2.54997233892067 2.32229535521084 2.24230959158593 2.24240045746612 2.22253449656036
1995-04-30 2.37430389355143 2.60925984390571 2.37248989620227 2.29638017838706 2.29647863858262 2.27741033319269
1995-05-31 2.4675648849614 2.72003542038989 2.47688630792585 2.39850831406148 2.39860328161409 2.37638373670276
1995-06-30 2.49388448614549 2.7503172974977 2.49146040876061 2.42525895779986 2.42534879390241 2.4028312849631
1995-07-31 2.55569530807117 2.79993946305032 2.50264481210675 2.4658472785212 2.46592345429728 2.44857305755453
1995-08-31 2.59960926261313 2.84661234912063 2.54883151896915 2.50793549856586 2.50801069988806 2.4907891885631
1995-09-30 2.66460488708186 2.90915232256322 2.58169999569363 2.56296391974183 2.56303028615891 2.54773249565459
1995-10-31 2.66589275011706 2.91760759984297 2.62100314002133 2.57667099092052 2.57674008897541 2.55680284430079
1995-11-30 2.75086060870132 2.9972168902404 2.67843581998461 2.64830738094037 2.64837270555528 2.63082502363395
1995-12-31 2.91715962379379 3.15038112727157 2.78232984528897 2.77663288612077 2.77670876691352 2.76976134859105
1996-01-31 2.97275852476891 3.20385719578188 2.80674913646987 2.82295691943893 2.82303881505778 2.8178386904337
1996-02-29 3.00971387682617 3.21633744019302 2.78081920689315 2.82860852541268 2.82861360144942 2.83092590270286
1996-03-31 3.07339979746594 3.25561929689836 2.79892045517318 2.86212453471468 2.86202976344586 2.87062173116152
1996-04-30 3.14124696160595 3.31001680538878 2.81603907929285 2.89970909897818 2.89959291547384 2.91897333024549
1996-05-31 3.18375705574725 3.34209787633644 2.81263763588372 2.9247317137575 2.92460061484706 2.94903854553503
1996-06-30 3.25412590542538 3.41269989249203 2.87531847846131 2.98534958881893 2.98521941888665 3.01256523240751
1996-07-31 3.16457142131597 3.34732251954268 2.86230880287449 2.93703428981604 2.9369313638989 2.95046004750122
1996-08-31 3.25722088956777 3.42360770003457 2.88864300489976 2.99242665878002 2.99231038981678 3.01948820566879
1996-09-30 3.385173525277 3.54338992328269 2.96336923202704 3.09404236667142 3.09391566367333 3.12904523289213
1996-10-31 3.46960710240853 3.63362746420094 3.03729322030741 3.17666395277972 3.1765392114834 3.21072008703085
1996-11-30 3.70099078974773 3.83846702963986 3.15021839053211 3.34287416868334 3.34271168351691 3.39798409155449
1996-12-31 3.78455733158402 3.910957203495 3.15722004740522 3.38745699725686 3.38731372432686 3.45934486576715
1997-01-31 3.85357158599286 3.9765106726378 3.16396497179318 3.43590227039361 3.43574340804137 3.51612426451907
1997-02-28 3.77935394189884 3.93004170623755 3.12788837265457 3.40052010939654 3.40035710547044 3.46845399711125
1997-03-31 3.71920553243529 3.86511409200206 3.09885443794374 3.34624009132363 3.34608846400352 3.41193531506811
1997-04-30 3.80252322164888 3.94459228970945 3.16478067855278 3.41880636372715 3.41866977604845 3.485905498672
1997-05-31 3.92877251080676 4.06016093172048 3.2536834187666 3.51830984844948 3.51817114429698 3.58940339826412
1997-06-30 3.98459719392306 4.12927298041462 3.31964312755222 3.57524179070499 3.57510261631348 3.64679304851768
1997-07-31 4.19454344267013 4.3250891270204 3.47543835395206 3.74936709105951 3.74920975639709 3.82584429746264
1997-08-31 4.13313145970159 4.26792212886069 3.42438271672101 3.69759134767338 3.69743761426777 3.77316176095057
1997-09-30 4.34480849375174 4.4629117021156 3.57310192057289 3.865331830666 3.8651662793698 3.94747868022622
1997-10-31 4.31911328653257 4.44179455717851 3.56797437488172 3.8573760596393 3.85727228194844 3.93525309927198
1997-11-30 4.25317347501388 4.4313443986921 3.57775453343236 3.83498128463131 3.83487573649612 3.90911775741147
1997-12-31 4.22672589160536 4.44748049040966 3.60613558575945 3.84118094827857 3.84107766879473 3.91231972022127
1998-01-31 4.230408895782 4.46677672010922 3.63627103646965 3.8625918961985 3.86250494737368 3.92886273750188
1998-02-28 4.2050755138135 4.45539147252507 3.64033830730575 3.85058498090891 3.85053944889121 3.91437976247764
1998-03-31 4.29322764795822 4.53740346534431 3.70105913109738 3.91668191143141 3.91664116845863 3.9865993178627
1998-04-30 4.3042448342309 4.54892887280874 3.67635429789276 3.92691536520751 3.92687453743337 3.99697829590898
1998-05-31 4.33069359256134 4.57659770849343 3.65532468725862 3.95148263121453 3.9514415998593 4.02189491937968
1998-06-30 4.35812301873992 4.60529245009069 3.68187522486479 3.97696080304134 3.97691956055665 4.04773540215662
1998-07-31 4.32477401556026 4.57040506227089 3.65273519369815 3.94598415672973 3.9459431709386 4.01631825413896
1998-08-31 4.37232362338548 4.62014812655204 3.69428357361595 3.99015121551476 3.99010986372532 4.06111338816977
1998-09-30 4.52629256268305 4.78121963050495 3.82882011930085 4.13316722561564 4.1331246886982 4.20616314962665
1998-10-31 4.48084441904024 4.73367497064165 3.837052914515 4.09095213859912 4.09090995150463 4.16334774527222
1998-11-30 4.44172442813664 4.69275038027808 3.85949324841727 4.0546150368451 4.05457315086456 4.12649391374848
1998-12-31 4.45370787672168 4.70528662359404 3.88937787449497 4.06574601567564 4.06570403745623 4.13778318005518
1999-01-31 4.49624168844272 4.77307051720728 3.94370449767254 4.11342407065994 4.11338169734406 4.18728712241021
1999-02-28 4.32109927029434 4.61610266788292 3.82127502808564 3.97399744411681 3.97395622622115 4.04120781971076
1999-03-31 4.56424951528762 4.7472900182732 3.89954892261578 4.1085546772143 4.1085123441739 4.19046345018009
1999-04-30 4.79943037622899 4.93631231820439 4.04201841050606 4.28612769047505 4.28605564427134 4.3708952388341
1999-05-31 4.70011946759561 4.8644905530857 3.98509915415612 4.21548365807808 4.21545439263992 4.2991372839628
1999-06-30 4.82960045802219 4.97225110263012 4.06179309071517 4.30869743957076 4.3086152651995 4.39379698549724
1999-07-31 4.77267011136845 4.83275118460447 3.94355966263534 4.21386414517398 4.21379596210078 4.30525814166874
1999-08-31 4.83322288763519 4.80888575578959 3.92333247181462 4.22124425774827 4.22120253150061 4.31625065305438
1999-09-30 4.83784840188808 4.71647467320102 3.84500927821241 4.17395462284474 4.17393045890182 4.27810352150337
1999-10-31 4.81111819475338 4.74920136573284 3.87951557663882 4.18391420303839 4.18389523634598 4.28750801562639
1999-11-30 4.86509448043121 4.77739282110877 3.89564935013507 4.21356470977686 4.21353324530885 4.31938289504294
1999-12-31 5.04476675009466 4.9195878383351 3.9881286339275 4.33292648311623 4.33285752527892 4.44792266224754
2000-01-31 5.06783281640227 4.87514640413973 3.941597905159 4.31912591342719 4.31898745807217 4.43536931363225
2000-02-29 5.13310455008279 4.91264191372364 3.96996305125001 4.36672087857167 4.36654080616978 4.4833158926513
2000-03-31 5.3057026136911 5.1138970029312 4.12538653773119 4.51745038021879 4.5173033385003 4.64486973763525
2000-04-30 5.33367829760122 5.13235460623396 4.13393081803068 4.53054088109897 4.53028403377265 4.66159153719876
2000-05-31 5.4760568129671 5.18820945795686 4.1559629563287 4.59697394245343 4.59670550407379 4.73758789628141
2000-06-30 5.7013419518449 5.3635937396555 4.28580796934022 4.75978391434379 4.75950891695209 4.91007481513195
2000-07-31 5.68149217440626 5.41438117591936 4.34333025443558 4.78815499218998 4.78791875183661 4.93340076095998
2000-08-31 5.93219958243024 5.5681319541789 4.4409469955266 4.93742473394168 4.93713523223574 5.10018941571093
2000-09-30 5.87524702288601 5.52756264563562 4.42632192483335 4.91288058610808 4.91260770992635 5.06449085848917
2000-10-31 5.8065513971165 5.48487088345713 4.40831535521966 4.88386644192379 4.88368516686161 5.02410573059958
2000-11-30 5.85378642371041 5.52195876333594 4.4423211919714 4.93317133388812 4.93298820974677 5.06881151840168
2000-12-31 5.96226739298201 5.63019538352979 4.54347230814366 5.0339417618079 5.03364993934593 5.16957066848192
2001-01-31 6.05276113439116 5.71637293929763 4.63134035182375 5.11236936802442 5.11207375252997 5.24976114396435
2001-02-28 6.11394586913857 5.77463940953888 4.55153908140923 5.16539593327092 5.16509775322689 5.30397962244982
2001-03-31 6.14695112007042 5.80607044342608 4.51783588919242 5.19400037356538 5.19370081011088 5.33322702370021
2001-04-30 6.12176303945459 5.98284294482662 4.60200818369698 5.32412283507655 5.32377752873047 5.50343976847117
2001-05-31 6.1554736539385 6.03266643472128 4.64588988741237 5.35704925718925 5.35669250796995 5.53541872088772
2001-06-30 6.16137285916178 6.0502298814665 4.67494652352287 5.34802096689175 5.34760876796183 5.51744582678088
2001-07-31 6.31885402494624 6.20526697318298 4.72948187065254 5.48761623192692 5.48719496859421 5.66076680544288
2001-08-31 6.39417091401707 6.27941496021691 4.7434197028579 5.55437901615634 5.55395341768543 5.72931144821103
2001-09-30 6.46819822804736 6.35229338613959 4.64565858349135 5.61999868864495 5.61956882926203 5.79668247027383
2001-10-31 6.61429116071794 6.49611898768852 4.7222939553939 5.74949913750387 5.74906086920946 5.92963920819007
2001-11-30 6.50435735829264 6.38789133440407 4.75836998625576 5.65205105087434 5.65161911022082 5.82959029076465
2001-12-31 6.45524593929587 6.33954211414398 4.75293454102316 5.60851745422514 5.60808834035843 5.78489480861582
2002-01-31 6.38835903152417 6.32051828755694 4.77017929351716 5.60572873332094 5.60533469418243 5.75721792615442
2002-02-28 6.47913296944025 6.36680126532897 4.80701734761614 5.66522780784822 5.66485767777635 5.81732423775049
2002-03-31 6.84164332637957 6.55835061746257 4.82137600376553 5.76452439860885 5.76399680452446 6.02413160988715
2002-04-30 6.79987619875277 6.53432492455057 4.84809732118608 5.78024383651259 5.77975006395416 6.00730092399147
2002-05-31 6.74106203471374 6.56596207830304 4.89020057301431 5.79502159356054 5.79453391828919 6.00891775928855
2002-06-30 6.73447215064051 6.53885642249522 4.88903982482534 5.79589190400798 5.79544062898501 5.99420486087174
2002-07-31 6.83916086537544 6.64089741172767 4.96874998452029 5.88787661544678 5.88741923226268 6.08887380572233
2002-08-31 6.97263159802931 6.77099248098193 5.07037482002793 6.00515063929717 6.00468546863815 6.20957003798357
2002-09-30 7.10417948806906 6.89921333902843 5.17053560000458 6.12073515799461 6.12026231205071 6.32852746313601
2002-10-31 7.06152762455965 6.86154256197954 5.17856732580549 6.10442800059432 6.10397128460295 6.31474874401764
2002-11-30 7.26211744568961 6.85933921794827 5.28054995783703 6.22658566603881 6.22609625228133 6.4782344900592
2002-12-31 7.33273799288327 7.02151094069974 5.31251442574155 6.29068751763336 6.29020019042088 6.52184142316333
2003-01-31 7.39027766006472 6.9901499999022 5.27813711838321 6.29478459687526 6.29409581084993 6.52881020712083
2003-02-28 7.66432411148608 7.15024180374939 5.36654812569314 6.45349850881179 6.45256167533685 6.71273984611177
2003-03-31 7.30253386848992 7.02287256399975 5.34334040190565 6.31170326473568 6.3112650122281 6.52077970828763
2003-04-30 7.43621540240327 7.21102522772249 5.47778911310271 6.43498824092675 6.43451438398332 6.66336083917253
2003-05-31 7.88131246864209 7.57098027329809 5.69356578544874 6.72366370715149 6.72315318238584 7.00735957357016
2003-06-30 7.96991751150709 7.65515522880638 5.73406858301889 6.77356073180687 6.77303421522635 7.0772293026721
2003-07-31 8.05825795989792 7.70015242815025 5.67059414395444 6.73000083527248 6.72927885891413 7.10153273896802
2003-08-31 8.21512919938263 7.80102143917236 5.73037280726126 6.8216631153835 6.82096034265404 7.21034696628672
2003-09-30 8.21890895122642 7.91537169058174 5.86115771134978 6.92311523526945 6.92233783140025 7.28503609161898
2003-10-31 8.41760652996815 8.0656744367175 5.89422301066178 6.9873955957226 6.98656023928223 7.41883595200891
2003-11-30 8.60527216060333 8.2200502557317 5.96641760707604 7.08686285302603 7.0859525898186 7.56002977052126
2003-12-31 8.97324601952908 8.50185802970304 6.10943181444577 7.28936023439288 7.28838307501869 7.83099393937707
2004-01-31 9.15068662599794 8.67535175621834 6.21070444721673 7.40859296347224 7.4076051740158 7.98174496105638
2004-02-29 9.44028399667317 8.8700111843403 6.31199561890443 7.56570864436593 7.56459537686315 8.18346695706695
2004-03-31 9.6136927401007 9.01610106429777 6.3939493416741 7.67413832330427 7.67299245659805 8.31937570297447
2004-04-30 9.09389006944652 8.34858263661985 5.9929062617247 7.2673239522465 7.26621875270151 7.80588650911222
2004-05-31 9.38194880564149 8.57292466705356 6.06936155736742 7.38621065535475 7.38501500905886 8.0067191547189
2004-06-30 9.37432571891609 8.65218261975146 6.1383064125492 7.42795490497988 7.42674080243849 8.0453932643106
2004-07-31 9.49933468058584 8.69295470743437 6.1694575860464 7.49795266593815 7.49670669724366 8.11618369810227
2004-08-31 9.63577278805864 8.93377812772196 6.34880773088503 7.6627054642865 7.66149395651767 8.29261812849214
2004-09-30 9.97386489413398 9.08418512643379 6.39112854904101 7.787848198149 7.78646063740887 8.4832677039547
2004-10-31 10.2667427195138 9.31736491025269 6.50537866225022 7.94524178462901 7.94381611637714 8.70101008265804
2004-11-30 10.3332208355891 9.46199486337407 6.55262201964277 7.97235464816225 7.97093040644569 8.78454758100098
2004-12-31 10.291814405688 9.63266268488919 6.69372005809547 8.05148640891578 8.0501085219505 8.86043603410929
2005-01-31 10.1758264191333 9.39552909207509 6.57869339549356 7.96127433741293 7.95992950428688 8.71754466355558
2005-02-28 10.4486244201183 9.53996898246401 6.6146860782395 8.05810668690944 8.05670056510798 8.87364087102717
2005-03-31 10.5570868870132 9.49971658044 6.55918819664683 8.0547796460813 8.05333609715719 8.88708613135795
2005-04-30 10.3831943743081 9.5770856657172 6.66235118900201 8.07677217197992 8.07536727351932 8.87840076795978
2005-05-31 10.5872192574787 9.80315346224516 6.80512532016215 8.23487164288331 8.23342372579347 9.06630064097028
2005-06-30 10.8898166455557 10.0235616575331 6.9181196229872 8.39884049639392 8.3973906617607 9.27719629172691
2005-07-31 11.3063271061585 10.3362713685762 7.02957687817695 8.57633861104947 8.57482527547623 9.55619374035362
2005-08-31 11.5880794042999 10.3364327412034 7.03148944191121 8.68385737679607 8.68237398891716 9.67521491510283
2005-09-30 11.5780581187266 10.2989207269438 6.98215485306969 8.6385496216912 8.63705372310018 9.64354648780429
2005-10-31 11.0492029906455 9.92973316357974 6.82951227007802 8.38343904812097 8.38202032719285 9.27845889144775
2005-11-30 11.1910797414734 10.0768991701243 6.9210952566025 8.47422852477683 8.47274247705702 9.39720507089764
2005-12-31 11.2891655576458 10.1557372280955 6.97901094423333 8.55202557825875 8.55054427059474 9.47861913502277
2006-01-31 11.6969065485521 10.4981841982724 7.12308121638818 8.74849503097425 8.74687151143939 9.77697518579386
2006-02-28 11.4030455081304 10.3876292619553 7.11994124441688 8.65804075116224 8.65645583935103 9.61973630610797
2006-03-31 11.7078290409845 10.6210649321115 7.18125414326324 8.76443203229997 8.76272230226343 9.82242047700675
2006-04-30 11.8299388467469 10.514279173579 7.11991421568508 8.74645875699786 8.74482698973175 9.80802928814999
2006-05-31 11.6175886720817 10.3219521190616 7.03981160474029 8.64242619429793 8.64091586747833 9.64303429416413
2006-06-30 11.8081735984063 10.5465874335992 7.13393025134333 8.75266821280947 8.75104985290538 9.81295256114298
2006-07-31 12.0283903343758 10.759488817612 7.26602995086158 8.91013522583193 8.90849898234009 10.0002995434024
2006-08-31 12.0066526852563 10.9688578265789 7.42939558003866 9.02883873742594 9.02717772064839 10.1098633267058
2006-09-30 11.82309347851 11.0732861630179 7.53391468092521 9.06042442531695 9.05874332757606 10.1101184158434
2006-10-31 12.0520103746522 11.3954238313207 7.72907635910829 9.25528665301314 9.25342787655919 10.3444620396683
2006-11-30 12.4590193015197 11.7286075083619 7.92388057817989 9.5112379288481 9.50927395338754 10.6503449577204
2006-12-31 12.1902538347604 11.5981047127073 7.8560674659752 9.37953553713574 9.3775769994967 10.4920717861714
2007-01-31 12.4000232618854 11.8904139352652 8.01976975790286 9.53976287412823 9.53769806772036 10.6954253684063
2007-02-28 12.4104001534564 11.8459191613779 8.02153973463679 9.56117551393425 9.55922323911913 10.6975600989336
2007-03-31 12.4633373780495 11.8041199923411 7.98912819290903 9.5607550309337 9.55880735009038 10.698395102086
2007-04-30 12.6188753701323 11.8919952093385 8.05082095984979 9.63323393932837 9.63127289146907 10.7786816824001
2007-05-31 12.6610851523835 11.8279182712237 8.00583576670362 9.58038369683092 9.57843239594563 10.7201382339284
2007-06-30 12.3574540520441 11.6722314945227 7.89653591676908 9.45197425430155 9.45004663549302 10.5778960941242
2007-07-31 12.1346070263386 11.5613652279975 7.84790795286712 9.38040762655341 9.37865935434199 10.4644784484836
2007-08-31 12.2292024711396 11.6515654466276 7.94272477140961 9.46998980491492 9.46816011492988 10.5510486825475
2007-09-30 12.8124306797531 12.0981036947222 8.16342777674131 9.79314047536251 9.79123204344247 10.9668424213002
2007-10-31 13.2287758387456 12.2241086312472 8.28213596507862 10.0024916144527 10.0005903557487 11.2285214070324
2007-11-30 12.6715939121055 12.3233903338847 8.15393125409144 9.78158006167537 9.77994960310962 10.8782193173773
2007-12-31 12.704660668395 12.2995895243474 8.10413780095536 9.76621958335036 9.76472283754199 10.8560441939371
2008-01-31 12.5385251713229 12.4351972466597 8.08795494875544 9.72733166651405 9.72591591145516 10.7509274073577
2008-02-29 12.6538841907508 12.4039161585356 8.00383238584173 9.70931318900176 9.70792868218683 10.7199967292019
2008-03-31 12.7254826656359 12.4591063309547 8.064814774176 9.77083777510864 9.7693795542319 10.7970215687603
2008-04-30 13.3205972028621 12.5006449162801 8.09279134057621 9.80407960803166 9.8026168866754 10.8334304933181
2008-05-31 13.6721161821159 12.4218466302964 8.03972007050819 9.74102017938784 9.73956599539676 10.7643631231323
2008-06-30 13.2149181166554 12.2341601734999 7.91331175448434 9.59082147161101 9.58938762242544 10.5998543418991
2008-07-31 13.2156212846271 12.2348148264139 7.91375266840988 9.59134536674655 9.5899114466329 10.6004281507655
2008-08-31 13.3737950196651 12.3820753683005 8.012933810376 9.70919267163692 9.7077427966455 10.7295032725564
2008-09-30 13.1126921846189 12.1389873172545 7.8492120815804 9.51465806447193 9.51323452674705 10.5164345211265
2008-10-31 12.1279634926806 11.2221999583964 7.2317485300635 8.78098617915363 8.77966197034653 9.71286257656574
2008-11-30 12.3608760581447 11.4390427268511 7.37779385304612 8.95451763245373 8.95316992991354 9.9029271138082
2008-12-31 12.7979814881193 11.8459900779029 7.65187611894232 9.2801829324676 9.27879113939803 10.259619940186
2009-01-31 12.3639525367492 11.4419069438863 7.37972292591754 8.95680976213008 8.95546174926757 9.9054376244848
2009-02-28 11.9904334148433 11.0941587650645 7.14551177165789 8.67851942631006 8.677209090069 9.60063337781484
2009-03-31 12.250507428512 11.3362889782399 7.30858838905696 8.87228751034447 8.87095094061337 9.81286257617617
2009-04-30 12.5997018882013 11.661390774346 7.7552749063927 9.13245476217771 9.13108296943741 10.0978170751154
2009-05-31 12.7909817162286 11.8394732551102 7.94746396229928 9.27496775403127 9.27357666702396 10.253907889389
2009-06-30 12.835302913426 11.880736512343 7.94702816496718 9.30798925180376 9.30659369414724 10.2900754865238
2009-07-31 13.4589350325707 12.488752132924 8.27818807955753 9.69430525747311 9.69267457160243 10.7779921259206
2009-08-31 13.9530137513961 12.9797714147843 8.54946491390599 10.0072899314405 10.0054257612102 11.1717334899897
2009-09-30 14.3858949474191 13.3917935529816 8.77957125063709 10.2780250271726 10.2760001336025 11.5085903368953
2009-10-31 14.3486363208403 13.1918416094098 8.6896872661577 10.2063929122141 10.2042324456512 11.3981154889824
2009-11-30 14.9087975230694 13.7469937624828 8.98991583274773 10.5598374332652 10.557637931342 11.8460772216023
2009-12-31 15.1856836318033 13.9316891417535 9.01477773351749 10.6307916527708 10.628560018736 12.0013522394961
2010-01-31 14.5507112786552 13.6353961441377 8.94029718406895 10.445707590359 10.4436146628658 11.6938906706014
2010-02-28 15.0605108706911 13.9655790913498 9.09655023894116 10.6758233528518 10.6736430705728 12.0046452821225
2010-03-31 15.704297092199 14.5207934558524 9.34917043038138 11.0015254046622 10.9992075691288 12.4607094376645
2010-04-30 15.9179578450452 14.7193162907999 9.528267110092 11.1550341059927 11.1526866235677 12.6328822202977
2010-05-31 15.7709702656755 14.5827428182747 9.24791902857601 11.0494280359954 11.0471009491028 12.5144362248798
2010-06-30 15.8146672816902 14.623343889751 9.14429082745735 11.0808230025069 11.0784898523544 12.5496482923269
