"Index" "weights/mES/tact_EqualWeight_CC" "weights/mES/tact_MinRisk_PositionLimit_CC" "weights/mES/tact_MinRisk_RiskLimit_CC" "weights/mES/tact_EqualRisk_CC" "weights/mES/tact_MinRiskConc_CC" "weights/mES/tact_MinRiskConc_PositionLimit_CC"
1984-01-31 0.00833556571277327 0.00833556571277327 0.00833556571277327 0.00833556571277327 0.00833556571277327 0.00833556571277327
1984-02-29 -0.0171564298959377 -0.0171564298959377 -0.0171564298959377 -0.0171564298959377 -0.0171564298959377 -0.0171564298959377
1984-03-31 0.0116891405878372 0.0116891405878372 0.0116891405878372 0.0116891405878372 0.0116891405878372 0.0116891405878372
1984-04-30 -0.00270552601958007 -0.00270552601958007 -0.00270552601958007 -0.00270552601958007 -0.00270552601958007 -0.00270552601958007
1984-05-31 -0.0373303903932739 -0.0373303903932739 -0.0373303903932739 -0.0373303903932739 -0.0373303903932739 -0.0373303903932739
1984-06-30 0.00575738219334343 0.00575738219334343 0.00575738219334343 0.00575738219334343 0.00575738219334343 0.00575738219334343
1984-07-31 0.0161549651613035 0.0161549651613035 0.0161549651613035 0.0161549651613035 0.0161549651613035 0.0161549651613035
1984-08-31 0.0521067463302756 0.0521067463302756 0.0521067463302756 0.0521067463302756 0.0521067463302756 0.0521067463302756
1984-09-30 0.00808881267766703 0.00808881267766703 0.00808881267766703 0.00808881267766703 0.00808881267766703 0.00808881267766703
1984-10-31 0.024624440526535 0.0309966553963705 0.034076001306685 0.0285151965521033 0.0285166959345471 0.0285260379967833
1984-11-30 0.00651546292783522 0.00674479352798851 0.0077393065260718 0.00712469093766699 0.00712513678692672 0.00712726888024928
1984-12-31 0.0080199043960183 0.0146839175154583 0.0157081557200116 0.0105825631684993 0.010580925987109 0.0105893622139335
1985-01-31 0.0412644561281394 0.0506434640503799 0.0519571430343284 0.0463426034094525 0.0463494085887666 0.0463443535897687
1985-02-28 -0.000778929069440548 0.00474297021558856 0.00525947559313367 0.00211298449958686 0.00211444508315095 0.00211832151817903
1985-03-31 0.00867833671803186 0.00650052079164976 0.00613238985727182 0.00757398489737282 0.00756988484867427 0.00757972660481498
1985-04-30 0.00108195442195669 0.00142962911650479 0.00144717174827003 0.000800975665661285 0.000811486757715585 0.000805285014251478
1985-05-31 0.034983266564792 0.0411983331313932 0.0415848975097755 0.0375011769783515 0.037514982403146 0.037505723532993
1985-06-30 0.00268253393628815 0.00791107671686508 0.00811348052856942 0.00490738617213449 0.00491497207442859 0.00490978976368961
1985-07-31 -0.00224123870501036 8.80437620882635e-05 9.28184721027403e-05 -0.00148180741218751 -0.00148290538590867 -0.00148216911262167
1985-08-31 -0.0125398623155614 -0.0143505695374567 -0.0143544779743473 -0.0133393720613628 -0.013340748464269 -0.0133433949908902
1985-09-30 0.00391169729209229 -0.00749491011369152 -0.00749926268885148 -0.000493598606196133 -0.000497297292342713 -0.000495133350603361
1985-10-31 0.040838017455461 0.0395819949794745 0.0395869891316327 0.0404707091539225 0.0404705580613369 0.040467170329431
1985-11-30 0.0183101281890485 0.0272665204330194 0.0272854233679078 0.0215419548994138 0.0215307019826321 0.0215285378909573
1985-12-31 0.0219720037301248 0.0286727408248579 0.0286757613142359 0.0241455360741607 0.0241393543888639 0.0241418948553225
1986-01-31 -0.0133904596497953 -0.00225296213927506 -0.00225171810878011 -0.00932209488201841 -0.00933140478889305 -0.00932126394359023
1986-02-28 0.0307001203734729 0.0433448184488383 0.0433462762816847 0.0352560498117696 0.0352549446193355 0.0352639112455526
1986-03-31 0.0285155095785286 0.0351297394129679 0.0351305034131284 0.0309052641635998 0.0309061635146957 0.0309104814223955
1986-04-30 0.0126413602971889 0.00344572953484312 0.00344574315304325 0.00947710553928949 0.00947709487820125 0.00947333201881295
1986-05-31 0.00181589776840152 0.0139333485456603 0.0139334663103627 0.00615231697819119 0.00615348562858919 0.00615358338670835
1986-06-30 0.0232755528086359 0.0190261105884206 0.0190261684263935 0.0219620392121271 0.0219621058097921 0.0219598627881241
1986-07-31 -0.00843136426822144 -0.0132864305682318 -0.0132335681333314 -0.010449929530193 -0.0104382679038404 -0.0104461204614128
1986-08-31 0.0480462334248544 0.03729757003611 0.0368584110137247 0.0449414607290046 0.0449381571826646 0.0449388663277763
1986-09-30 -0.0296105929148697 -0.028034702907198 -0.0277596676517592 -0.0296771921686663 -0.0296648403088891 -0.0296729360431781
1986-10-31 0.0288854818776079 0.0313143197044818 0.0312479009282591 0.0298563514003165 0.0298508362720904 0.0298555853489795
1986-11-30 0.0123781660058699 0.00919257996695699 0.0087316743713699 0.0112415039623861 0.0112427276399325 0.0112400249608369
1986-12-31 -0.00685120127135419 -0.0042395011690306 -0.0037207754565648 -0.00597290711230747 -0.00596854228634192 -0.00597131544550211
1987-01-31 0.0523322709170453 0.0486380342533941 0.045401178892813 0.049331587690796 0.0493317085341436 0.049326725665376
1987-02-28 0.00234411107293719 0.0148973939674155 0.0163211440241084 0.00722028750004022 0.00723163705123642 0.00721949146194101
1987-03-31 0.0287120308803066 0.0196562420000361 0.0177831556173913 0.0246900389001252 0.0246828982670009 0.0246890539991398
1987-04-30 -0.00394546108135474 -0.016132671219289 -0.0197110787756756 -0.0100397905233665 -0.0100487355665784 -0.0100413244397164
1987-05-31 0.0118181349405835 0.00438200340545891 0.00229458395865301 0.00823328801486056 0.00822826359391082 0.00823227838948193
1987-06-30 0.0287563116960199 0.0256838326309461 0.0238228874855597 0.0265965692201406 0.0265951797034945 0.0265964230840496
1987-07-31 0.0229450893146379 0.0206648157224054 0.0206650215749948 0.0222673271008456 0.0222634636064469 0.0222684081548503
1987-08-31 -0.00162972958172836 -0.00248286836648937 -0.00248218032160652 -0.00219914639437535 -0.00220110705302301 -0.00219180006328967
1987-09-30 -0.0146418201383757 -0.0148795206580467 -0.0148797760808771 -0.0144529160246123 -0.0144539282308924 -0.0144545702155294
1987-10-31 0.00138490729612695 0.00138490729612695 0.00138490729612695 0.00138490729612695 0.00138490729612695 0.00138490729612695
1987-11-30 0.0385711557264921 0.0385711557264921 0.0385711557264921 0.0385711557264921 0.0385711557264921 0.0385711557264921
1987-12-31 0.00672272176493616 0.00672272176493616 0.00672272176493616 0.00672272176493616 0.00672272176493616 0.00672272176493616
1988-01-31 0.0361681326946677 0.0332565792785522 0.033257108493074 0.0356377577107263 0.0356290321637134 0.0356374772330457
1988-02-29 0.0258264484350244 0.0317463133947324 0.0317464389740219 0.0276495121054081 0.0276517824076044 0.0276512875118791
1988-03-31 0.00128892063084018 -0.00424720391756073 -0.00424744006901701 -0.000506786355690791 -0.000506311459962494 -0.000509991516744579
1988-04-30 0.0123029763571902 0.00907862574912643 0.00702870365646002 0.0113621794547552 0.0113648340582087 0.0113641539239935
1988-05-31 0.00458959194138253 -0.000557548814340447 -0.00284589713217576 0.00305752950273086 0.0030592828520124 0.00306117317071553
1988-06-30 0.0154133341194664 0.0198421649494782 0.0119338980858967 0.0167085394414215 0.0166995977654614 0.0167030400968582
1988-07-31 0.00364312391730426 0.00377661040549193 0.00222564370532652 0.00376466005932219 0.00376520119957879 0.0037626622720448
1988-08-31 -0.012535774377006 -0.0112210269434266 -0.00350877090243207 -0.012083150436709 -0.0120812731341822 -0.0120821060131525
1988-09-30 0.00756249012241672 0.0101223072189813 0.00880396426164709 0.00827335259390272 0.00827616239120355 0.0082749643791149
1988-10-31 0.0210134842051903 0.0213628662920824 0.0241661591414952 0.0213007904488929 0.0212924039809139 0.0213028349069897
1988-11-30 0.00338210585813759 -0.000743358833230401 0.00251556039223622 0.00184364509381507 0.00183824107403563 0.00184917611040891
1988-12-31 0.0228620302576517 0.0179956262322543 0.0164287592428085 0.0209356484209344 0.0209264369069715 0.0209410794473119
1989-01-31 0.0231657241569039 0.0250617389839956 0.0127181071703522 0.0239570035142478 0.0239563297266763 0.0239536843628831
1989-02-28 -0.00254400642423336 -0.00702394369672643 0.00213552701494235 -0.00405417169948896 -0.00404890618899867 -0.00405408024364728
1989-03-31 0.022977800418013 0.0170956202683279 0.0167664750966892 0.0211473042349606 0.0211528878359186 0.0211443431677112
1989-04-30 0.0288972701211268 0.0274159624717987 0.0209525680985072 0.0283407266993676 0.0283388711919017 0.0283401995873629
1989-05-31 0.0190252821045589 0.0257324010309941 0.0193764528795424 0.0219919226912746 0.0219892913675417 0.022003042853717
1989-06-30 0.0165016398584417 0.0155305011926723 0.0296477670132842 0.0159419537897072 0.0159448317933035 0.0159357251766874
1989-07-31 0.0239691374405264 0.0325625006883905 0.0113857182278252 0.0278138714448917 0.0278180356258015 0.0278127421328771
1989-08-31 0.00931598772363129 0.00160968565054498 -0.00693367681494428 0.00532324669571582 0.00532090074224634 0.00532050128764028
1989-09-30 0.0108317091650458 0.00200672942397384 0.0121697046059062 0.00674225686123586 0.00674259922102083 0.00674317929617563
1989-10-31 -0.0125813255340972 -0.00856105674324792 0.0151835834682172 -0.00857266847416338 -0.00857266945994384 -0.0085708265629858
1989-11-30 0.00805112020730125 0.00643460998559209 0.00928337142008795 0.00747351462758616 0.00747351462708856 0.00748057031374816
1989-12-31 0.0249661592483195 0.0112150761888676 0.0137800815872733 0.0174611628582724 0.0174611628625365 0.017469127650287
1990-01-31 -0.0278556821999079 -0.0113027263650441 -0.0118250764312825 -0.0268151156342968 -0.0268139620340799 -0.026819190400273
1990-02-28 -0.00589914528379887 0.00244988385038702 0.000155522732523838 -0.00511383881449778 -0.00511539620982659 -0.00511144568193367
1990-03-31 0.00879461118574931 0.00176696615851202 0.00201985323627318 0.00756592601852724 0.00756597004032566 0.00756501317143932
1990-04-30 -0.0152313154670665 -0.014787420148009 -0.00979280314666975 -0.0144431654617494 -0.0144426829808603 -0.0144413571834641
1990-05-31 0.0269202086046938 0.0292168131196051 0.021345388551349 0.028263064345271 0.0282761469385326 0.0282537355088315
1990-06-30 0.000136360865959473 0.00581623228271089 0.0110883417197298 0.00422789861618034 0.00422797902131777 0.00423428123902658
1990-07-31 0.0172642924869437 0.0212964065463812 0.0208723138063474 0.0119143894525968 0.0119107329167791 0.0119101083369941
1990-08-31 -0.00567813012021667 0.00523632926532303 0.00683792088851964 -0.0187641913041662 -0.0187678160912402 -0.0187786727832223
1990-09-30 0.0304722825671371 0.0321632729704322 0.0335983364854338 0.0117033727070552 0.0116901626014421 0.0116882130554266
1990-10-31 -0.0227987871158868 -0.0117991185541847 -0.00463713582122394 -0.016004959472004 -0.0159956216335713 -0.016010083531159
1990-11-30 0.0188904554386227 0.032539153688854 0.0124925224828552 0.0253159904903193 0.0253162997446792 0.0253078700819798
1990-12-31 0.00711833025363595 0.0113100485645172 0.00949609286168984 0.00956024304395853 0.00956451172029649 0.00955831280525188
1991-01-31 0.00756239043409379 0.00517144217764542 -0.0059621272896131 0.00653107269415676 0.00654491360428833 0.0065220952731988
1991-02-28 0.0346884837794041 0.0295726733872064 0.0118700802047513 0.0296692819040536 0.0296663449783496 0.029667963637207
1991-03-31 0.0349653547803452 0.0271165739455579 0.0120399567762857 0.028632472949077 0.028615891899723 0.028629955357085
1991-04-30 0.0148371550537394 0.0137062175772866 0.0129583135791294 0.0140896944798488 0.0140902504862246 0.0140869361370495
1991-05-31 0.017428000759562 0.0155998858530688 0.007146839454929 0.0157657682209822 0.0157664434796034 0.0157681325816699
1991-06-30 -0.025131746809181 -0.020880721048414 -0.00833221249237426 -0.0215448093714127 -0.0215448548395698 -0.0215391341782565
1991-07-31 0.0314183081563295 0.0279281228253894 0.0217197820225092 0.0285509319443467 0.02854486790504 0.028546632525484
1991-08-31 0.01506764975945 0.0164123560371117 0.0201850804560737 0.0161345448251353 0.0161352658645326 0.0161377981187552
1991-09-30 0.00722700948202681 0.00947118310243722 0.0156070278969032 0.00917654729339312 0.00918024552624019 0.00917856091838565
1991-10-31 0.0114444878688091 0.0110942777392247 0.0140119354327237 0.0112390121548243 0.0112401866741636 0.011240576256927
1991-11-30 -0.0189321230221421 -0.0129835794943636 -0.00306559204395696 -0.0138179604807873 -0.0138166468348938 -0.0138143519695829
1991-12-31 0.0250727864382252 0.026067149252226 0.0147534010405226 0.025790651286056 0.0257885092238199 0.0257986730062005
1992-01-31 0.0103038861001623 0.0061730520231067 -0.00701502477640492 0.00603981470909032 0.0060255471416415 0.0060537625135364
1992-02-29 -0.00448520505603101 -0.00292077650983302 0.00302841027225087 -0.00278125364869675 -0.00277406891251586 -0.00278855477115059
1992-03-31 -0.00714343647577753 -0.00751473000324998 -0.00302045457218314 -0.0070920917576639 -0.00709200341526106 -0.00709084382739122
1992-04-30 0.0169023344181722 0.014123556065464 0.0107924691766954 0.0145521749442581 0.014547362721536 0.0145977796880206
1992-05-31 0.0200427563612711 0.0198788123196891 0.0201982934429485 0.0197741344879132 0.019772260495035 0.0197851757641152
1992-06-30 -0.00473387430585981 -0.00121947899638675 0.00938027819167742 -0.0010130454888202 -0.00101040210328052 -0.00110863065092159
1992-07-31 0.0193981951693116 0.0212893049215253 0.0150434422275751 0.0202451531244088 0.0202510388223809 0.0202419880831144
1992-08-31 -0.00455930151810247 -0.00172728326417793 0.00785922519164695 -0.00187367204834565 -0.00186444323478274 -0.00187165434018643
1992-09-30 0.0146126903004817 0.0147071126063771 0.0127752881570062 0.0144344015762228 0.01443493420006 0.0144326587270873
1992-10-31 -0.00880438274338147 -0.00884266523455968 -0.0137683347046522 -0.00919189662168751 -0.00919655497455063 -0.00919239617444234
1992-11-30 0.00989735603195663 0.00917325444174311 -0.000783108020025347 0.00866614672664423 0.00865747658661542 0.00866529583778375
1992-12-31 0.0122523966646073 0.0136470050667572 0.0134430791003288 0.0131629942230174 0.0131621937365665 0.0131628302821651
1993-01-31 0.0247401257964466 0.0250144997816231 0.0194962484027255 0.0241817724829705 0.0241849274204069 0.0242215694232766
1993-02-28 0.0219888249167959 0.0220560737367983 0.0173503324780426 0.0214380426560956 0.0214397317046469 0.0214711968948005
1993-03-31 0.0283735510784533 0.0251561448469695 0.0101101085553328 0.0242228516478389 0.0242221213961886 0.0243779029107678
1993-04-30 -0.018616804416526 -0.0141523959069718 0.000920782903870654 -0.0131756100551996 -0.0131618053020599 -0.0137696489770398
1993-05-31 -0.00354512346123659 -0.00236095927222568 -0.00458999818037131 -0.00234029426697957 -0.002332499650328 -0.0024763951679152
1993-06-30 0.00435667820750862 0.00835581254527296 0.0111054192893285 0.00810642579038956 0.00810584899084166 0.00772263377124038
1993-07-31 0.00237832705851915 0.00380408455920911 0.00405237920588819 0.00341678561052472 0.00341762060622797 0.00339145455132961
1993-08-31 0.021483467402176 0.0209519615717138 0.0165680306358644 0.020785241853259 0.0207854558104517 0.0208059417802631
1993-09-30 0.0106769694471573 0.0107160932212913 0.00646611118290719 0.00991326912150337 0.00990902959726037 0.00996802642381023
1993-10-31 0.00201257557054024 0.00337038122796129 0.00177305614244161 0.000859675210121535 0.000863473082790778 3.25527114877211e-05
1993-11-30 -0.0106905762849232 -0.0202157213188128 -0.0119859880646783 -0.0199992543047001 -0.0199896224342746 -0.022634529963415
1993-12-31 0.00435337542436764 0.00520422499720241 0.0040971506726506 0.00389232394411909 0.00389332940878306 0.00347179011647536
1994-01-31 0.0204039018761777 0.0204039018761777 0.0204039018761777 0.0204039018761777 0.0204039018761777 0.0204039018761777
1994-02-28 -0.0189147697495323 -0.0189147697495323 -0.0189147697495323 -0.0189147697495323 -0.0189147697495323 -0.0189147697495323
1994-03-31 -0.0218511572633052 -0.0218511572633052 -0.0218511572633052 -0.0218511572633052 -0.0218511572633052 -0.0218511572633052
1994-04-30 -0.00553526443735886 -0.00553526443735886 -0.00553526443735886 -0.00553526443735886 -0.00553526443735886 -0.00553526443735886
1994-05-31 0.00171268493008925 0.00171268493008925 0.00171268493008925 0.00171268493008925 0.00171268493008925 0.00171268493008925
1994-06-30 0.00078840217557663 0.00078840217557663 0.00078840217557663 0.00078840217557663 0.00078840217557663 0.00078840217557663
1994-07-31 0.0177584439793277 0.0177584439793277 0.0177584439793277 0.0177584439793277 0.0177584439793277 0.0177584439793277
1994-08-31 -0.00541931544060947 -0.00541931544060947 -0.00541931544060947 -0.00541931544060947 -0.00541931544060947 -0.00541931544060947
1994-09-30 -0.0138379426700735 -0.0138379426700735 -0.0138379426700735 -0.0138379426700735 -0.0138379426700735 -0.0138379426700735
1994-10-31 -0.000338818339313374 -0.000338818339313374 -0.000338818339313374 -0.000338818339313374 -0.000338818339313374 -0.000338818339313374
1994-11-30 -0.00551600397924468 -0.00551600397924468 -0.00551600397924468 -0.00551600397924468 -0.00551600397924468 -0.00551600397924468
1994-12-31 0.00995356799807579 0.00995356799807579 0.00995356799807579 0.00995356799807579 0.00995356799807579 0.00995356799807579
1995-01-31 0.000988135895092057 0.00582424516529523 0.011700886978973 0.00748237761377779 0.0074887386258089 0.0053986424037471
1995-02-28 0.0250369559558981 0.026654316740534 0.0216142730785998 0.0253341927169048 0.0253336875659713 0.0257278930937199
1995-03-31 0.0108487785875466 0.00846905844150769 0.00648470924166333 0.0088704151251684 0.0088731807435054 0.009257551291741
1995-04-30 0.0184571286597695 0.0167008357600518 0.0151083921279613 0.0166765650453145 0.0166784398860962 0.0170287817526558
1995-05-31 0.0276385869062361 0.0306920480306303 0.0309552926581458 0.0309819044368846 0.0309799195529985 0.0301986609695157
1995-06-30 0.0075902260108327 0.0081402120371834 0.0041917104972744 0.00787128977372054 0.00786955995511684 0.00783309905590457
1995-07-31 0.0176911463933018 0.0132314579317687 0.00320335963658014 0.0118497086560179 0.0118454098651504 0.0134422687347313
1995-08-31 0.0123503142809445 0.0122825341098565 0.0131862376404117 0.0121437030146978 0.0121431549616586 0.0122416229275164
1995-09-30 0.0180562999278286 0.0162584549121241 0.00926177434707665 0.0156868395095799 0.0156839847360242 0.0163124451278958
1995-10-31 0.000351432985241873 0.00216294392800842 0.0109733211533507 0.00384709794638716 0.00384779295021764 0.00255666081287287
1995-11-30 0.0231779444670184 0.0203208944154116 0.0158609859595251 0.0200287893970967 0.020027347472259 0.0208114372860921
1995-12-31 0.0443362290527896 0.0383177198628213 0.0282440772080115 0.0351739839276717 0.0351762475261446 0.038265772669499
1996-01-31 0.0141936776426987 0.0128846163449747 0.00645615062137184 0.0122659614304599 0.0122673075960056 0.0127534178949062
1996-02-29 0.00930218935453753 0.00296876031461335 -0.00681156773066471 0.00147833368066719 0.00145820815883035 0.0034279112687392
1996-03-31 0.0158829090045147 0.00931658275992797 0.00478765243443191 0.0087540967115165 0.00872800587235689 0.0103619410729543
1996-04-30 0.0166561514983667 0.012782512883627 0.00450618124850588 0.00973157751016807 0.00972627201983611 0.0124919463699336
1996-05-31 0.0102650468652126 0.00744337490924707 -0.000891354448538051 0.00641653368090478 0.006412899991175 0.00767170704059206
1996-06-30 0.0168195353459779 0.0162598859275727 0.0164402832274562 0.0154451003234046 0.0154458529640591 0.0160866211205519
1996-07-31 -0.021051206781444 -0.0148157306279968 -0.00335705972531775 -0.012123227316982 -0.0121167870353386 -0.0154776760773114
1996-08-31 0.0222470595119533 0.0175476238877992 0.00681825389147295 0.0140695673154938 0.0140665459463423 0.0174734479877168
1996-09-30 0.0300554373447657 0.0270779488984043 0.0192165305565783 0.0254521163633497 0.0254502440781446 0.0272564619219013
1996-10-31 0.019254329764796 0.019861280330755 0.0186518045512916 0.0201809309011791 0.0201820346577264 0.0197805665794351
1996-11-30 0.0517682386925034 0.0442071718154944 0.02797051491249 0.0397949698090996 0.0397871212549914 0.0444731543900094
1996-12-31 0.0177763679134497 0.0149820539048977 0.00168705745439346 0.0102657426491888 0.0102705507665257 0.013952022775729
1997-01-31 0.0144243760970855 0.0133484097756233 0.00162246027658886 0.0110417659174866 0.011038573203912 0.0127326772118024
1997-02-28 -0.0152913463372418 -0.00933766035221251 -0.00866400159054903 -0.00797631661842835 -0.00797753596539885 -0.0105555703553927
1997-03-31 -0.0125850502379112 -0.0131697900553945 -0.00703360461565861 -0.0123349096751093 -0.0123327812189273 -0.0126483750486588
1997-04-30 0.0176550244826066 0.0163363481728109 0.0160840648544998 0.0166963331244343 0.0167003761304176 0.0167659265881035
1997-05-31 0.026288116336173 0.023372734340815 0.0213463197886099 0.0225181817286975 0.02251839881493 0.0230717966802381
1997-06-30 0.0113262851945177 0.0136580732563072 0.0155064922073478 0.0126002740327895 0.0126005567735885 0.0125048171348947
1997-07-31 0.0421189999069591 0.0381761991131064 0.0360666892609993 0.0380581635506707 0.0380553519090021 0.0385322193339519
1997-08-31 -0.0118224024202166 -0.0107354068253308 -0.0114079634648445 -0.0109016090762054 -0.0109012119457529 -0.0109167501611627
1997-09-30 0.0412374075575412 0.0370145132151141 0.0336135486855216 0.0357077639534775 0.0357064167478405 0.036520220349904
1997-10-31 -0.004807507556016 -0.00386554754837287 -0.00112124019543747 -0.00163519597503248 -0.0016225544962003 -0.00247107299382687
1997-11-30 -0.012396767650285 -0.00192035152680092 0.00214102745506262 -0.00461046761317752 -0.00461093061131346 -0.00529564367516799
1997-12-31 -0.00503459166812514 0.00297092037128976 0.00619977592066467 0.00128225183972686 0.00128274905842862 0.000652248116266518
1998-01-31 0.000704648426761878 0.00354223016191235 0.00654245845549384 0.00442267044935463 0.00442613815454185 0.00336765891122837
1998-02-28 -0.00484348020838765 -0.00208262531415737 0.000877272015398445 -0.00246924182532671 -0.00246076839241716 -0.00293840096500175
1998-03-31 0.0169358031234657 0.0150332003179374 0.0130854303652881 0.0136265895314975 0.0136277047664313 0.0146955585191995
1998-04-30 0.00208137397546682 0.00208137397546682 -0.00525516325484887 0.00208137397546682 0.00208137397546682 0.00208137397546682
1998-05-31 0.00498633814181315 0.00498633814181315 -0.00449700969911893 0.00498633814181315 0.00498633814181315 0.00498633814181315
1998-06-30 0.00514556421266654 0.00514556421266654 0.0057032622619928 0.00514556421266654 0.00514556421266654 0.00514556421266654
1998-07-31 -0.0062240084938362 -0.0062240084938362 -0.0062240084938362 -0.0062240084938362 -0.0062240084938362 -0.0062240084938362
1998-08-31 0.00892988278681339 0.00892988278681339 0.00892988278681339 0.00892988278681339 0.00892988278681339 0.00892988278681339
1998-09-30 0.0286596545724367 0.0286596545724367 0.0286596545724367 0.0286596545724367 0.0286596545724367 0.0286596545724367
1998-10-31 -0.00822398436697147 -0.00822398436697147 0.001704928949672 -0.00822398436697147 -0.00822398436697147 -0.00822398436697147
1998-11-30 -0.00713758463343594 -0.00713758463343594 0.00463925747740479 -0.00713758463343594 -0.00713758463343594 -0.00713758463343594
1998-12-31 0.0022021417554845 0.0022021417554845 0.00614974124872747 0.0022021417554845 0.0022021417554845 0.0022021417554845
1999-01-31 0.0077990630746072 0.0118808918964588 0.011111152496712 0.00941185263468869 0.00941185263396616 0.00963527276651233
1999-02-28 -0.0318658508989267 -0.027189664296754 -0.0247647224150511 -0.0272667833953262 -0.0272667833882481 -0.0281610212144141
1999-03-31 0.0456954912212788 0.0233591439024974 0.0162351025556866 0.0270521315318832 0.0270521315092036 0.0296071171447745
1999-04-30 0.0422664117227698 0.0328889440641071 0.0290780825215682 0.0347599320122338 0.0347544036572449 0.0347621730479093
1999-05-31 -0.0171242522438833 -0.0120987173970688 -0.0112889822518977 -0.0133640419856413 -0.013356130994939 -0.0133605203006851
1999-06-30 0.0227154871336754 0.0183750913346976 0.0153846361300782 0.0178725095511139 0.0178624651940311 0.0178632287600702
1999-07-31 -0.009765737302871 -0.0233580128545179 -0.0233580128545179 -0.0178637595146968 -0.0178614004522626 -0.0164149381347808
1999-08-31 0.0104895611733447 -0.00409162469982949 -0.00409162469982949 0.00141547849518142 0.00142057139436824 0.00207200311315625
1999-09-30 0.000792960314047964 -0.0159085729128791 -0.0159085729128791 -0.00905715813493302 -0.00905386686564902 -0.00717557053655693
1999-10-31 -0.00457877719573041 0.00572497813822848 0.00712202938012529 0.00192494540823418 0.00192595890557756 0.00178179417753199
1999-11-30 0.00928845084007524 0.004903542871878 0.00330642934587466 0.00571971401862559 0.00571732406069247 0.00602833685024184
1999-12-31 0.03063416459239 0.0246123159060261 0.0188900955069187 0.0228944647249758 0.0228874113495758 0.0241644133804289
2000-01-31 0.0038158736740741 -0.00750752170743485 -0.00932829367150101 -0.00258780422582783 -0.00260086963527684 -0.00230424501109061
2000-02-29 0.0107570092412703 0.00638205535737524 0.00574007570737312 0.0089478921761057 0.00894030085095276 0.00882121825628124
2000-03-31 0.028142038375325 0.0340380987288336 0.0312725637753157 0.0280859588298994 0.0280930561745101 0.0294628010033982
2000-04-30 0.00443656886853105 0.00301895882346481 0.00166705091149577 0.00237256340847414 0.00235272459677294 0.0029623003436241
2000-05-31 0.0224795937962006 0.00910822274793377 0.0042914754948844 0.0120120369386478 0.012010498899425 0.0134231441076822
2000-06-30 0.0347873938392116 0.0283416847620006 0.0251834650697307 0.0290889279750679 0.0290891512443887 0.0300626189905218
2000-07-31 -0.00296206007412858 0.00798093629820662 0.0108824015985831 0.00492571913601303 0.00493268354892207 0.00394681058322655
2000-08-31 0.0375226673143954 0.0239696977842141 0.01826889532235 0.0257888294202755 0.0257806798604046 0.0281101279806308
2000-09-30 -0.00821565491111653 -0.00617668902304291 -0.00268796419176354 -0.00413380361578164 -0.00413120492459385 -0.00585204077922863
2000-10-31 -0.00999173201207737 -0.00654023017412697 -0.00331837474132957 -0.00490693897192096 -0.00489167292735959 -0.00665927756046725
2000-11-30 0.00693964150684701 0.00571913929287549 0.00628769487691372 0.00837967558424246 0.00837961948794419 0.00742114926287218
2000-12-31 0.0158278887851406 0.016595722868155 0.0185860247134024 0.0169842437119943 0.0169664469303674 0.0166027812488025
2001-01-31 0.012997740003547 0.012997740003547 0.0158507229396643 0.012997740003547 0.012997740003547 0.012997740003547
2001-02-28 0.00867528810086249 0.00867528810086249 -0.0141709194310505 0.00867528810086249 0.00867528810086249 0.00867528810086249
2001-03-31 0.00463951392644546 0.00463951392644546 -0.00607096369539606 0.00463951392644546 0.00463951392644546 0.00463951392644546
2001-04-30 -0.00352431130319242 0.0259727698779968 0.0152545846224645 0.021007822677328 0.0210014533487382 0.0268761476785839
2001-05-31 0.00473346477510583 0.00713512967258856 0.00783320949853228 0.00520648048296546 0.00520495528028087 0.00491723665552857
2001-06-30 0.000824432526564278 0.00249740932664055 0.00514651130112997 -0.00142020140669574 -0.00142900415534275 -0.0027500753776335
2001-07-31 0.0219903597929534 0.0219903597929534 0.00960984335334603 0.0219903597929534 0.0219903597929534 0.0219903597929534
2001-08-31 0.0102908035621574 0.0102908035621574 0.00243265141945015 0.0102908035621574 0.0102908035621574 0.0102908035621574
2001-09-30 0.0100115773480385 0.0100115773480385 -0.0170214130995684 0.0100115773480385 0.0100115773480385 0.0100115773480385
2001-10-31 0.0195620052132406 0.0195620052132406 0.013574212958368 0.0195620052132406 0.0195620052132406 0.0195620052132406
2001-11-30 -0.0144378248880797 -0.0144378248880797 0.00630447005048484 -0.0144378248880797 -0.0144378248880797 -0.0144378248880797
2001-12-31 -0.00654438703435378 -0.00654438703435378 -0.000943920804944653 -0.00654438703435378 -0.00654438703435378 -0.00654438703435378
2002-01-31 -0.00897179091291234 -0.00259196367991077 0.00299755757188458 -0.000421988883817281 -0.000416708438836899 -0.00407919109169652
2002-02-28 0.0122860756399039 0.00632236352044857 0.0063842130764229 0.00900719313936471 0.00901135012073562 0.00889512699648498
2002-03-31 0.0484695697242639 0.0260016994126213 0.00247263875581205 0.0148977039680041 0.0148749052929806 0.0303355634739337
2002-04-30 -0.00532632330857141 -0.00317869521116043 0.00459020640537 0.00232380533758936 0.00232898682316862 -0.00239612336875838
2002-05-31 -0.00754039712174326 0.00419906946797255 0.00719947865363002 0.00217953179919195 0.00218058987360559 0.000230735816061145
2002-06-30 -0.000851289402368449 -0.00358257886139146 -0.000197064289166993 0.000128080600695135 0.000133447077713233 -0.00209916836266466
2002-07-31 0.0135353405760539 0.0135353405760539 0.0135353405760539 0.0135353405760539 0.0135353405760539 0.0135353405760539
2002-08-31 0.0170261504956981 0.0170261504956981 0.0170261504956981 0.0170261504956981 0.0170261504956981 0.0170261504956981
2002-09-30 0.0164999333560416 0.0164999333560416 0.0164999333560416 0.0164999333560416 0.0164999333560416 0.0164999333560416
2002-10-31 -0.00526294655396087 -0.00476892766812165 0.00130162538903456 -0.00229009463748719 -0.00228798135992725 -0.00188014839102124
2002-11-30 0.0248823585890663 -0.000280268664057615 0.0165058704799725 0.017194581384212 0.017191084083219 0.0223501519686873
2002-12-31 0.00854751190089953 0.0206342694028425 0.00508943772744574 0.00887028183942995 0.00887117136300386 0.0058311802287152
2003-01-31 0.00690525337897263 -0.00390960518902006 -0.0054458976312447 0.000561960615098167 0.000534363985527753 0.000926473128779692
2003-02-28 0.0326623816903873 0.0200361449846569 0.0140823632301781 0.0217571759424549 0.0217252238791827 0.0244301070064135
2003-03-31 -0.0417563145539005 -0.015627663916799 -0.00364526008903165 -0.0190239850331316 -0.0189594758506124 -0.0248887090261334
2003-04-30 0.0161012934160623 0.0234520319526224 0.0211952540268319 0.0168613210530122 0.0168574619507142 0.01895829108354
2003-05-31 0.0527602775661724 0.0438380148145574 0.033310234183076 0.0388266204155774 0.0388241630178767 0.0448887559410256
2003-06-30 0.00997657082529679 0.00982092512457733 0.00605100463167152 0.00646027928548731 0.00645863569743366 0.00872568896900328
2003-07-31 0.00984852405582304 0.00519888992794737 -0.00942586762845199 -0.00560359634885954 -0.00562912179474373 0.00300888279696077
2003-08-31 0.0173180362249792 0.0115939360666542 0.00896152007104201 0.011857990971069 0.0118615831325808 0.0134313136568973
2003-09-30 0.000410168079253426 0.012992838638072 0.0194320445291563 0.0129706583356184 0.012962281395716 0.00909695115674736
2003-10-31 0.0215532640351443 0.0168588311684787 0.00481920117610835 0.00811301597217828 0.00810649700236565 0.0161495808721073
2003-11-30 0.0199271046245133 0.0170286083061797 0.0104717524081557 0.0124530275371233 0.0124449509624311 0.0167711806379434
2003-12-31 0.0383095713242798 0.0305646678873732 0.0205290890434793 0.0250402888050814 0.0250348345419411 0.031654582532989
2004-01-31 0.0177916604204293 0.0182589264092303 0.0142448279151068 0.0143838276667791 0.0143842409210608 0.0170706743447209
2004-02-29 0.0285298306750512 0.0201191060569814 0.0140473337146401 0.0186851333601494 0.0186724042813686 0.0224591097704516
2004-03-31 0.0166095810691345 0.0148013895049339 0.0112081197857656 0.0126585765918685 0.0126564157400511 0.0147992851221557
2004-04-30 -0.0489747238197561 -0.0666445379686993 -0.0542393599708644 -0.0468996868501397 -0.046901194245486 -0.0550990978610689
2004-05-31 0.0285379307891322 0.0239974378099763 0.0109332647659235 0.0143803126374331 0.0143712935637628 0.022806635697481
2004-06-30 -0.000734263563432203 0.00827938748653056 0.00975262824263456 0.00497772490349768 0.00497623359463861 0.00429391756613606
2004-07-31 0.0120498396769835 0.00422413140002886 0.00436394456848088 0.00830542661267697 0.00830284168523687 0.00782613112809294
2004-08-31 0.0129949288810738 0.024845202268704 0.0250158596638741 0.0193873518510783 0.0193942506368339 0.0193539792782587
2004-09-30 0.0317882031529415 0.0151409661840634 0.00575886860913699 0.014446148997957 0.0144278436859226 0.020516239107901
2004-10-31 0.0266886669560153 0.023123314466696 0.0154577359128778 0.0179103670126164 0.0179088583517146 0.0229606909243474
2004-11-30 0.00590038467463483 0.0140181096994689 0.0062946001152715 0.00303098163090865 0.00303162427712533 0.00861121652602703
2004-12-31 -0.00365354478675983 0.0163131241932271 0.0186819938937413 0.00881950879747406 0.0088260762170127 0.00775594911058186
2005-01-31 -0.0102718644132398 -0.0223023714606414 -0.0149507210729464 -0.00996654774999073 -0.00996441285150251 -0.0144913845654919
2005-02-28 0.0244096490723871 0.0138944241423005 0.00474919367596383 0.010805645028882 0.0108004265853647 0.0160633383098316
2005-03-31 0.00947384270064311 -0.00381902471354267 -0.0072882691449706 -0.000367299805924204 -0.000371489365978306 0.00136173276974527
2005-04-30 -0.0150463965881028 0.00736868321010942 0.0136473639326693 0.00242883060198396 0.00243348707323965 -0.000878455318662597
2005-05-31 0.0179233417669742 0.0213733540289551 0.0186332011726456 0.017418027896684 0.0174159841150823 0.019021284661779
2005-06-30 0.0261147546579605 0.0204022090455507 0.0144769363962898 0.0177554014664589 0.0177579780628059 0.0209506608513437
2005-07-31 0.0350308564899873 0.0283673934757229 0.0140762277531359 0.0188851076602103 0.0188812639701716 0.0271472336138314
2005-08-31 0.0228949137879146 1.42350709468886e-05 0.000238189852750592 0.0112275442748593 0.0112324465822253 0.0112750085567512
2005-09-30 -0.000796093292021904 -0.00330897868102831 -0.00614264504714013 -0.00467868880570643 -0.00468069771616475 -0.00296653768101163
2005-10-31 -0.0420458486587703 -0.0326745865632737 -0.0191229794211493 -0.0264677346263913 -0.0264638346153464 -0.0343013108248146
2005-11-30 0.0117747830240766 0.0134647391973828 0.011697150903573 0.00967550129438299 0.0096697882439265 0.0115529167070658
2005-12-31 0.00804570376475522 0.00711734003897035 0.00731157570445373 0.0082114394093904 0.00821322797765922 0.00783037975782608
2006-01-31 0.0331788996570788 0.0306969376541486 0.0180561567294215 0.0205683549636504 0.0205566547080591 0.0284728404503123
2006-02-28 -0.0231443020627101 -0.0096149908899259 -0.00038654937549587 -0.00927879426769018 -0.009276378782899 -0.0145902609011446
2006-03-31 0.0245732818326219 0.0204990577745676 0.00755090424927762 0.011015824418108 0.0110047065590413 0.0190856123971939
2006-04-30 0.00960902175883027 -0.00918898217645092 -0.0074976191307613 -0.00184068824921457 -0.00183302484467218 -0.0013297569510754
2006-05-31 -0.0165511447249846 -0.0167033516921062 -0.0098649577836748 -0.0106738832322291 -0.0106632085272437 -0.0152659647366759
2006-06-30 0.015104702750881 0.019840687557708 0.0117065736400526 0.0114330165759251 0.0114236019628147 0.0159652090073621
2006-07-31 0.0171934534051643 0.0184384680960628 0.0162405744131424 0.0161460443015617 0.0161468900077248 0.0173261633397535
2006-08-31 -0.00166848310202738 0.0178042610707163 0.0197634934966633 0.0119779911059745 0.011977468890074 0.00996007271176103
2006-09-30 -0.0141127168679112 0.00872500433642287 0.0123993588738507 0.0031494860689234 0.00314800513235802 2.29606008728123e-05
2006-10-31 0.0178519244615833 0.0266818547952223 0.022868951176569 0.0193691855788729 0.0193547586058187 0.0210928106302377
2006-11-30 0.0311836196252133 0.0268795711687828 0.022316704661236 0.024957983574234 0.0249522481562732 0.0269631928761807
2006-12-31 -0.0199691716564341 -0.010252715826838 -0.00759906092541163 -0.0125296746780795 -0.0125314987957269 -0.0135852776997937
2007-01-31 0.0159033654509537 0.0232026347791066 0.0184847611602552 0.0154368503695783 0.0154295235035522 0.0176951193847925
2007-02-28 0.000774393549043628 -0.00345177231008464 0.000196233028274539 0.00203160546036418 0.00204268249673167 0.00018252696760257
2007-03-31 0.00394747539128448 -0.00325388697466733 -0.0035926840296816 -3.98140339585851e-05 -3.93863278890239e-05 7.13826768445891e-05
2007-04-30 0.0115527070083241 0.00686304229028867 0.00686304229028867 0.00686304229028867 0.00686304229028867 0.00686304229028867
2007-05-31 0.00309935887538848 -0.0049702887004095 -0.0049702887004095 -0.0049702887004095 -0.0049702887004095 -0.0049702887004095
2007-06-30 -0.02222598695144 -0.0121365582013658 -0.0121365582013658 -0.0121365582013658 -0.0121365582013658 -0.0121365582013658
2007-07-31 -0.0166833458559776 -0.00874875641066519 -0.00546594363883735 -0.0068471875271493 -0.00683128828426149 -0.00979604970700843
2007-08-31 0.0072020003804707 0.00718076554521141 0.0107162980274633 0.00862992876429658 0.00862353773567515 0.00755117072729838
2007-09-30 0.0440864224344526 0.0352950984586409 0.0246796151031392 0.0308644684922135 0.0308623411340281 0.0359961896256979
2007-10-31 0.030142787221568 0.00962009001163389 0.0129545614621005 0.0193966843633728 0.019400779397887 0.0218670035519517
2007-11-30 -0.0391588097918383 0.00750762908911673 -0.0138119837362344 -0.0200783204857987 -0.0200571737973845 -0.0286463160994828
2007-12-31 0.00241864675780645 -0.0017863928730496 -0.00543957036096632 -0.00142469640230292 -0.00141250804764814 -0.00186687270606067
2008-01-31 -0.0121225545886908 0.0101963840360639 -0.00177752715893931 -0.00361203080944539 -0.00360500931352237 -0.00886609267474858
2008-02-29 0.00852079661322613 -0.00232829392451517 -0.00925648986906824 -0.00167967935293123 -0.00167698771991276 -0.00263219038664242
2008-03-31 0.00524381735518298 0.00411746625137965 0.00677293686965541 0.00574496095324517 0.00573881969790246 0.00657208712068047
2008-04-30 0.0433583686434673 0.003086281087608 0.003086281087608 0.003086281087608 0.003086281087608 0.003086281087608
2008-05-31 0.0245463910669541 -0.00583663124778722 -0.00583663124778722 -0.00583663124778722 -0.00583663124778722 -0.00583663124778722
2008-06-30 -0.0311610172510607 -0.0139836538120526 -0.0139836538120526 -0.0139836538120526 -0.0139836538120526 -0.0139836538120526
2008-07-31 4.94669027275574e-05 4.94669027275574e-05 4.94669027275574e-05 4.94669027275574e-05 4.94669027275574e-05 4.94669027275574e-05
2008-08-31 0.0111267549881224 0.0111267549881224 0.0111267549881224 0.0111267549881224 0.0111267549881224 0.0111267549881224
2008-09-30 -0.0181651981741084 -0.0181651981741084 -0.0181651981741084 -0.0181651981741084 -0.0181651981741084 -0.0181651981741084
2008-10-31 -0.0697761050164164 -0.0697761050164164 -0.0697761050164164 -0.0697761050164164 -0.0697761050164164 -0.0697761050164164
2008-11-30 0.0177417133734388 0.0177417133734388 0.0177417133734388 0.0177417133734388 0.0177417133734388 0.0177417133734388
2008-12-31 0.0327153270543348 0.0327153270543348 0.0327153270543348 0.0327153270543348 0.0327153270543348 0.0327153270543348
2009-01-31 -0.0314559743208674 -0.0314559743208674 -0.0314559743208674 -0.0314559743208674 -0.0314559743208674 -0.0314559743208674
2009-02-28 -0.0279497492136961 -0.0279497492136961 -0.0279497492136961 -0.0279497492136961 -0.0279497492136961 -0.0279497492136961
2009-03-31 0.0200204262139174 0.0200204262139174 0.0200204262139174 0.0200204262139174 0.0200204262139174 0.0200204262139174
2009-04-30 0.0263532896059424 0.0263532896059424 0.0537620226709101 0.0263532896059424 0.0263532896059424 0.0263532896059424
2009-05-31 0.0140650015419297 0.0140650015419297 0.0219512303110276 0.0140650015419297 0.0140650015419297 0.0140650015419297
2009-06-30 0.00321378115853821 0.00321378115853821 -4.87062405546412e-05 0.00321378115853821 0.00321378115853821 0.00321378115853821
2009-07-31 0.0450754221318483 0.0472034825026 0.0370133980227119 0.0374773388128771 0.0374596000300698 0.0432164195872
2009-08-31 0.0341711694334659 0.036402128011664 0.0292381262399894 0.0292664802838576 0.0292491076496801 0.0334302621244418
2009-09-30 0.0289494280698166 0.0294727378561856 0.0240962544818628 0.0245959811559748 0.0245855433731592 0.027675338700327
2009-10-31 -0.00242160931854429 -0.0138934694161487 -0.00919099438776882 -0.00635147685750936 -0.00636464057299146 -0.00883191830073837
2009-11-30 0.0364958287185735 0.0391176965155047 0.0309843401900713 0.0315395438853363 0.0315421415438426 0.0361314373154469
2009-12-31 0.0174045906569857 0.0125242732346282 0.0024886997234006 0.00613799457952902 0.00613638252169846 0.0120873489404767
2010-01-31 -0.0392304932922556 -0.0198432337294819 -0.00743706464890015 -0.0159132815664929 -0.0159044073876929 -0.0236484300425834
2010-02-28 0.0327830401388511 0.02256057464795 0.0157191532585799 0.0201049835212146 0.0201010270341835 0.0244806434516449
2010-03-31 0.0400850400520458 0.0370994240258662 0.0250204461387109 0.0278954247565626 0.0278888515425526 0.0350693268173143
2010-04-30 0.0127907658530544 0.0127907658530544 0.0173054140827429 0.0127907658530544 0.0127907658530544 0.0127907658530544
2010-05-31 -0.00868825780960325 -0.00868825780960325 -0.0266281315419198 -0.00868825780960325 -0.00868825780960325 -0.00868825780960325
2010-06-30 0.00260551508484919 0.00260551508484919 -0.0101121213809056 0.00260551508484919 0.00260551508484919 0.00260551508484919
