"Index" "weights/EqualWeight" "weights/MinRisk" "weights/MinRisk_PositionLimit" "weights/MinRisk_RiskLimit" "weights/MinRiskConc" "weights/MinRiskConc_PositionLimit" "weights/EqualRisk" "weights/MinRisk_ReturnTarget" "weights/MinRiskConc_ReturnTarget"
1984-01-31 0.0173190076082603 0.0201809626474290 0.0156905831975223 0.0188959152880799 0.0184197102550905 0.0175068157753402 0.0184422659719798 0.0196795042286426 0.0184286751718941
1984-02-29 0.0113386068502543 0.0143712982295627 0.0050221434285973 0.0123606059712396 0.0115936321617498 0.0100902469097846 0.0116286902910043 0.0128553303329713 0.0116023882880008
1984-03-31 0.0499724174258724 0.030033433989207 0.0313403954260276 0.0340969969312068 0.0368902462670457 0.0395884826341188 0.0369747130778391 0.0284613277635393 0.0369581403995338
1984-04-30 0.0418943812496135 0.020071283166065 0.0250851702614134 0.0246271519640793 0.028474611988367 0.0318376774263234 0.0285462236303293 0.0189044801555103 0.0290973565657668
1984-05-31 -0.00245814854966242 -0.0165355514149825 -0.0259848705651692 -0.0151692065872949 -0.0132311040537559 -0.0129659210230562 -0.0132217271928783 -0.0352343760828034 -0.0222386792431137
1984-06-30 -0.00330354403006461 -0.0179313474777688 -0.0215002590749421 -0.0162609081726754 -0.0129807137468539 -0.0120197437897072 -0.0129788656995764 -0.0328448921149019 -0.0189852965186657
1984-07-31 -0.0284984318503614 -0.00727842394870803 -0.0297615422256866 -0.0143556074024563 -0.0194190805533437 -0.0214240094944247 -0.0194982231702062 -0.0263394722613605 -0.0168185990648955
1984-08-31 0.0312094491063641 0.0203242506898624 0.0175648964620696 0.0228969935740508 0.0280328561261871 0.0281066019592680 0.0279658386563695 0.0273553223235605 0.0364882719594624
1984-09-30 0.027215559747074 0.0179681890420864 0.0147936401608344 0.0203795931531372 0.0250738630764142 0.0250156738288638 0.0250001723636102 0.0260156267767453 0.0343231595551805
1984-10-31 0.0513141313372896 0.0624430948935415 0.0439226679024449 0.0570077571714522 0.0590013046490359 0.0562699740914872 0.0589456787683034 0.0708427980657393 0.0685430746610483
1984-11-30 0.0559235918075296 0.0757925516546238 0.0495908242383596 0.0670143126780629 0.0674703606981868 0.063554564380504 0.0674170353205779 0.0842981740351147 0.0770758016353938
1984-12-31 0.0660552374384751 0.0854311510059267 0.0625436397599926 0.0760587509709685 0.078813012556953 0.0749461799616535 0.0787856773177695 0.0940127058522653 0.0885488553248681
1985-01-31 0.101707376505459 0.115831218676001 0.103694999366176 0.110449418409163 0.113462530513350 0.110325083226867 0.113413505099323 0.124653413009575 0.123507561940704
1985-02-28 0.0947627762133318 0.0996373096880356 0.09670372882712 0.0983678278720181 0.103053879523364 0.100799906377283 0.102993400500981 0.108331384983342 0.112993018693274
1985-03-31 0.125895936588720 0.109215049150525 0.112382674047455 0.112069269041657 0.124875737252208 0.123672203945168 0.124821697459542 0.117983614479242 0.134950998929237
1985-04-30 0.125979932047158 0.133874124763131 0.122867099139522 0.127452913816549 0.136416701988559 0.132951089258975 0.136354131018053 0.143036253964077 0.146584702799111
1985-05-31 0.169455843271907 0.184808906826970 0.174409011633484 0.176432886383921 0.184511930345777 0.180506034425588 0.184439910762342 0.195283679870610 0.195103169737582
1985-06-30 0.173428117925406 0.183458416563144 0.178708906785693 0.175962563486836 0.187261117155566 0.183720506853480 0.187185705819523 0.194698683615441 0.197870223680368
1985-07-31 0.182610440311481 0.182783522719867 0.176533557744633 0.172817359714262 0.19293040925988 0.189344474784160 0.192841065965605 0.194579529882763 0.203578695542382
1985-08-31 0.194722616282218 0.186089481135831 0.181190225805183 0.177044031676227 0.201145666326007 0.197688642342082 0.201033557230345 0.197635694545657 0.211870073790652
1985-09-30 0.225854207336844 0.214471356623162 0.203540535594350 0.203951602722615 0.230215658759217 0.226509292109793 0.230071962440753 0.225114846350398 0.241198854395026
1985-10-31 0.286186282696909 0.253414742873695 0.256520938490001 0.252339986757948 0.282120724500494 0.279998658481389 0.28200626291829 0.263117456260227 0.292862238940657
1985-11-30 0.327654602434329 0.264032170918063 0.285359642433415 0.271325499621437 0.312181107800713 0.312136795514677 0.311975316478904 0.274043327371617 0.32386127874335
1985-12-31 0.369730583190094 0.313045278799559 0.321052423258628 0.308300021569355 0.357263768473756 0.355909949281067 0.356978466726483 0.326588333056708 0.371419941864007
1986-01-31 0.347112160705415 0.308067639499365 0.296761233949101 0.281224587732130 0.338823045426411 0.335466929484697 0.338552405165543 0.330538339589959 0.359863924561242
1986-02-28 0.410731139945402 0.35662625178549 0.347088997607947 0.319648042227306 0.394093248037593 0.392363640989848 0.393803932512517 0.388573333299239 0.422306674185971
1986-03-31 0.489277730118595 0.401056059785789 0.400853856856449 0.362218525385834 0.455953177309184 0.457751592299992 0.45565406846863 0.440765770824364 0.489198525156221
1986-04-30 0.528857915924378 0.41181150567197 0.413252406728527 0.373451724070102 0.482458066204759 0.48622658543774 0.482314193293854 0.451825310214902 0.516365051748086
1986-05-31 0.515451659374575 0.410847711474769 0.429407110556299 0.38425526485142 0.477505266619933 0.480867131784412 0.477163390746822 0.450834987656877 0.511204965750821
1986-06-30 0.562104570641359 0.42693210335872 0.457884010719794 0.407515590326740 0.511801796654753 0.5175512085251 0.511500548453435 0.467374660393575 0.546235022206267
1986-07-31 0.569938008840298 0.43678548401466 0.441743275129294 0.398027443021237 0.516138643871613 0.521154535232254 0.51592485810984 0.478940868657737 0.549704110666922
1986-08-31 0.665825842718399 0.451357760017888 0.508816110091018 0.44534218908207 0.582234934685958 0.594689049133333 0.581924454771141 0.503816986262911 0.615992190543368
1986-09-30 0.623215686053229 0.459715707165877 0.463713924405689 0.417836317229692 0.55501095988449 0.562249399114054 0.554839288432553 0.506621189342305 0.587813912540151
1986-10-31 0.626700115063058 0.475967865153903 0.482250668261662 0.42375970625477 0.567481630727131 0.571712045719505 0.567143323130791 0.509398543122410 0.600739934154513
1986-11-30 0.670328462249089 0.481906707768186 0.512090105719462 0.441936229875054 0.59400092188894 0.604985053415668 0.59363219014189 0.521007560145174 0.625769932695233
1986-12-31 0.68328601961622 0.508087778294686 0.520240846520812 0.466651012374381 0.610715029248589 0.619418906456497 0.610496730269027 0.555136370630033 0.645317778991143
1987-01-31 0.80305330423681 0.522438253725216 0.621376006860872 0.522550098408584 0.682591250118118 0.714164471781186 0.682495661237851 0.581078049586509 0.717455034854904
1987-02-28 0.807945672711724 0.524934881347085 0.641644682152897 0.533666022218005 0.68685071928781 0.721028525086395 0.686879602755294 0.589770380649212 0.736158688304317
1987-03-31 0.894177759444453 0.549348430648008 0.696955834831526 0.570082114839748 0.744253951972796 0.790061187185924 0.744229460039161 0.628760073829275 0.786349642292764
1987-04-30 0.945279165785938 0.511239640083844 0.698435460460645 0.548682076264216 0.75005239699515 0.814963088724722 0.749895857436573 0.63114979099283 0.786035769823369
1987-05-31 0.972096183557435 0.51289877845207 0.711977236162253 0.558374401734451 0.764487219167608 0.833824957433416 0.76435711481545 0.635049221533596 0.791106050435584
1987-06-30 1.00111631306463 0.532327529952303 0.750568720628709 0.590276487573428 0.789837328520532 0.861062894757498 0.789795041200015 0.651101943636744 0.813402740827352
1987-07-31 1.04575554750261 0.534941340760378 0.791120054882509 0.598687904017251 0.817924075695512 0.895452472016163 0.817930130033351 0.6770601675548 0.853529747187453
1987-08-31 1.08704648964616 0.534221891992148 0.824223878633674 0.616707121364465 0.839810982076914 0.924998314876013 0.839725096092029 0.719937455719636 0.892825981051732
1987-09-30 1.05896616877318 0.500612489884396 0.789666888894253 0.583138316730178 0.808629282177809 0.894463093704825 0.808619956326705 0.683766690523513 0.864885499437415
1987-10-31 0.869779899940385 0.478008364372233 0.610337963090759 0.500439887445387 0.687744377480499 0.748425035686454 0.687586263896995 0.485006351386135 0.684769089029538
1987-11-30 0.863862562198617 0.534991652458446 0.597651283007983 0.539330643575636 0.704865916700699 0.757067159524402 0.70467557762502 0.474405585790698 0.676460912491192
1987-12-31 0.895455384587664 0.555772260378792 0.643292628765308 0.568102124063058 0.733355173044384 0.787783877430701 0.733163209339461 0.527013662915281 0.709479711588659
1988-01-31 0.93636634093346 0.56410090285172 0.67086579459684 0.580719399365031 0.751131781603236 0.818443638300826 0.750950544519808 0.534551548376264 0.748047161738771
1988-02-29 1.00534276980702 0.626650231701483 0.724439466102608 0.640063523014603 0.820922946726163 0.882720440804735 0.8206619274682 0.613146815855502 0.805003678174024
1988-03-31 1.03666813611873 0.627814338912002 0.748356305200594 0.648652785232844 0.826430937034091 0.904711618071099 0.826317373291473 0.628009426706044 0.83933359721645
1988-04-30 1.06495790359764 0.639513823189664 0.772683486157347 0.664763985335846 0.84557649844309 0.928900045347075 0.845490497281895 0.645783929818831 0.871690631585014
1988-05-31 1.06337948968944 0.631638737959342 0.77705018354802 0.661832090927059 0.842187170031793 0.929967341355047 0.842126880068692 0.632483377059812 0.881165995724485
1988-06-30 1.06907921666826 0.6475764903133 0.774050784088971 0.670839393167795 0.854153064536315 0.935337419880048 0.854050682732098 0.627744027805461 0.87086183049251
1988-07-31 1.08599968103950 0.652399274164872 0.784878027357004 0.677950445418794 0.86367721739528 0.946923990572193 0.863559331699693 0.647020294342348 0.887367817638452
1988-08-31 1.02636071369726 0.63921045097754 0.754750804696305 0.658354101496309 0.832724168834356 0.909691527710188 0.83263619357452 0.603974326433579 0.8356262587016
1988-09-30 1.06452040513656 0.658912724471914 0.769994435191646 0.675323663929011 0.857811128791756 0.934415876807376 0.857697977927562 0.626606191381599 0.85508764651979
1988-10-31 1.15254928144699 0.703635446074845 0.836197945896082 0.728094058114194 0.920940173865325 1.00642648888794 0.920999012205711 0.698318856342258 0.94603606340147
1988-11-30 1.19942765949135 0.713302676691288 0.876093774863362 0.75001917922908 0.947582712644898 1.04384735748377 0.947900711794752 0.741777867269805 1.01585929226600
1988-12-31 1.25053873711807 0.741706721055647 0.929531790021055 0.788690578951301 0.989185678880812 1.09439380741554 0.989574814685953 0.772159025487854 1.08987083307652
1989-01-31 1.30994945126199 0.765829757484458 0.96169890777217 0.815715302773016 1.02698101914697 1.13596594995195 1.02737411214397 0.793613064841778 1.13493844131565
1989-02-28 1.31662967248617 0.772173603505697 0.982029600253373 0.82826157667235 1.03691523035455 1.15000612543784 1.03730512650469 0.816952905008731 1.15660601046677
1989-03-31 1.35815121821203 0.801877733552912 1.03249454799456 0.866338846402204 1.07750117730837 1.19716690574348 1.07782407468050 0.851745185478137 1.21330135511329
1989-04-30 1.42212623643624 0.840776848475366 1.08491915490531 0.910287370025192 1.12877178295229 1.25361140629333 1.12910503445825 0.892943066483535 1.2733207437744
1989-05-31 1.42025035935797 0.86949315936231 1.09305369042717 0.928224208729866 1.14492915019870 1.26301738866440 1.14533768225938 0.878270035192798 1.27169496238656
1989-06-30 1.44627109014572 0.924141196788048 1.14110622602444 0.978282912653403 1.19228504930551 1.30852354962753 1.19273875124617 0.919588078086853 1.31103616912692
1989-07-31 1.55903101027009 0.946260988968061 1.17482126876305 1.00632955280443 1.24145835516894 1.36562857518384 1.24174061883141 0.939410506860499 1.37173807048188
1989-08-31 1.54987511413742 0.934928269416123 1.18542904900869 1.00545570904430 1.23612404387520 1.36620483952656 1.23643557820019 0.955748197536193 1.37652585722952
1989-09-30 1.61309919135170 0.964646430729392 1.24345754986627 1.04582191946026 1.28446330839683 1.42572656332675 1.28480620595288 1.01057855631893 1.44184451737029
1989-10-31 1.58117161564973 0.992536071332886 1.24455848127452 1.06175795404441 1.28922748232005 1.42167059482229 1.28955864211539 1.00235010013013 1.42326851403635
1989-11-30 1.64060759134663 1.01527010340449 1.28023198364314 1.08889654153806 1.32680968575890 1.46475512804015 1.32714131174456 1.03673303479517 1.47165735323970
1989-12-31 1.73613594598120 1.05841612132954 1.36923628403736 1.15069377973986 1.40055223110266 1.55342744430400 1.40094966968455 1.13134259939536 1.57758692990806
1990-01-31 1.64923384503575 1.03161826465633 1.32265157045812 1.11569973074589 1.35459685617180 1.49812761524447 1.35500433893579 1.09261572031717 1.51710883728260
1990-02-28 1.60809145516613 1.03417646363234 1.31748124649348 1.1157603879697 1.34362008874764 1.48001459478852 1.34382880484991 1.08584000606442 1.49414505362141
1990-03-31 1.55966303749788 1.03956642575481 1.32030465866153 1.12024359582296 1.33326569949094 1.46302961485426 1.33317402283603 1.08695192180112 1.47278737403057
1990-04-30 1.52570734310878 1.01961414755958 1.29138040420927 1.09622562606283 1.3069576775675 1.4336524418435 1.30683408891670 1.06573350944063 1.44488820669312
1990-05-31 1.65895225077793 1.05974690493611 1.35103961794532 1.14555378240974 1.37852812909383 1.51618327183067 1.37882100155963 1.10682805688097 1.52075325119464
1990-06-30 1.64848726623018 1.07559082678743 1.34782658171952 1.15428338858536 1.38384666735393 1.51367254230235 1.38403278906531 1.11978934617300 1.52637094468656
1990-07-31 1.71570252526592 1.13608360379818 1.43374076917651 1.22132511360517 1.45473816083967 1.59508809856845 1.45495733647714 1.19271735963604 1.60479254704455
1990-08-31 1.67068474141383 1.19013904389344 1.51717305501887 1.27671484470708 1.49033827965577 1.63988049344969 1.49053566491032 1.269443293614 1.66756675005197
1990-09-30 1.70073218712362 1.31709821829204 1.70503196692977 1.41444048922118 1.60853318491668 1.77727188288042 1.60874046374628 1.44085040274982 1.84036600320170
1990-10-31 1.75484866291667 1.31645200219429 1.65415870358156 1.40153940052915 1.61671110124471 1.78078497724942 1.61689720656371 1.44016952125400 1.84930287851973
1990-11-30 1.71794902082166 1.33264525505038 1.65193541735961 1.41687196133697 1.61733970602662 1.75434642246620 1.61755737545980 1.45722762905522 1.84998773248486
1990-12-31 1.74855114371693 1.35828135038333 1.67146324158227 1.44225167454267 1.64513674402759 1.77779853049410 1.64535954326619 1.48423289393397 1.88025678602541
1991-01-31 1.73568626240342 1.35881853664462 1.65194157137791 1.43656591533935 1.64340993221595 1.75867242362903 1.64333578013525 1.48479770913549 1.87817558408706
1991-02-28 1.86574365740964 1.38216570066369 1.73232047528780 1.47388348899593 1.69994358727468 1.85554612102370 1.70015222418674 1.50939231736763 1.94010643532162
1991-03-31 1.86142450010198 1.40565511575116 1.78587083764460 1.50505768535365 1.72079797404154 1.87474901203622 1.72062235068466 1.53413670067586 1.96225409384138
1991-04-30 1.89443587838698 1.43541087859563 1.81793985866476 1.53553330202125 1.75357260188366 1.9092952183317 1.75339204259060 1.56532761404712 1.99793904447308
1991-05-31 1.93583949865117 1.45205512093266 1.86127129098733 1.55857450419414 1.77942581283123 1.94577435710680 1.7792544277119 1.58417989369567 2.02608171408372
1991-06-30 1.82382994662759 1.43876209611686 1.79371887953480 1.53303023848582 1.73723598940472 1.86357859188566 1.73701312883129 1.56761062445790 1.98017822401846
1991-07-31 1.93242407760198 1.48997482935834 1.88818206907174 1.59546606477709 1.81044712465551 1.96037243897726 1.81026963985651 1.62152869824239 2.05981984411202
1991-08-31 1.96074217512565 1.54000617933500 1.94083085583106 1.64722208174275 1.85866569255910 2.0028158293507 1.85837015535070 1.67420335690267 2.11237022664787
1991-09-30 2.00729423611219 1.5824556667389 1.96712084109709 1.68331140165435 1.90392808302281 2.04566412336842 1.90375330849553 1.71889608802765 2.16162080303710
1991-10-31 2.05707722918343 1.61871072037775 2.02059470209762 1.72337929868674 1.94766990440340 2.09786665847218 1.94753517717033 1.75706662997163 2.20929292693177
1991-11-30 1.96219543880374 1.61391576866993 1.95400026930889 1.70320876684354 1.91571941947690 2.02774070736587 1.91533295814462 1.75201864225255 2.17435038741790
1991-12-31 2.03908463632822 1.64551189782361 1.96003018962975 1.73634759222018 1.95613626840247 2.05471038619189 1.95585733432322 1.78528349436028 2.21822911976190
1992-01-31 2.01821320630753 1.62322463392618 1.95615747444918 1.71751120682972 1.93349425499818 2.04236755364877 1.93326099814333 1.76181868928313 2.19370716997762
1992-02-29 1.99597277330802 1.63237450069294 1.95186026430502 1.72593262849361 1.93510402272069 2.02943777854377 1.93494240195587 1.77145205745256 2.19573417977944
1992-03-31 1.93548475047489 1.62469642019040 1.93412740051291 1.71677512202855 1.91337931830865 1.99376574660697 1.91332333513339 1.76336811490161 2.17257518357611
1992-04-30 1.98711289512873 1.65691973908056 1.99134933265202 1.75702795446724 1.95547130415762 2.04545743961304 1.95537128911653 1.79729400930248 2.21819642993112
1992-05-31 2.07047099945272 1.70832820736022 2.05272191114164 1.80861135410941 2.02037632946391 2.12013936945686 2.02051663086382 1.85141850882953 2.28941762142033
1992-06-30 2.02661136165281 1.73441379325422 2.04874361577874 1.82692261050901 2.02569231943522 2.10354037637534 2.02559851227693 1.87888213673671 2.29502311880206
1992-07-31 2.04093410310466 1.77289857901564 2.07586085002917 1.86618606639965 2.05963336635102 2.12245971486029 2.05942919097058 1.91940002670791 2.33165618994911
1992-08-31 2.07740239663207 1.79603864395107 2.08295559295262 1.88247553231353 2.08749208431534 2.15046537513871 2.08751872212220 1.94376283571975 2.36233619185933
1992-09-30 2.08876427563091 1.82943850990526 2.11652342725315 1.91671618768182 2.11728032023816 2.17407692671854 2.11719880317451 1.97892733119256 2.39463374065004
1992-10-31 2.02162533811798 1.78915463334507 2.06901135633865 1.87713456658603 2.06664440987720 2.11392464167806 2.06666408921776 1.93651519674742 2.33998227450298
1992-11-30 2.04424994578704 1.78446725363086 2.07279707416229 1.87756942665649 2.06948300568578 2.12139089213805 2.06959632201486 1.93158036471322 2.34317360840024
1992-12-31 2.07127657013403 1.82074232330247 2.1017135398108 1.91260855684140 2.10554983459252 2.15105766259566 2.10565036756264 1.96977186365326 2.38250627368467
1993-01-31 2.10142059057321 1.86960964364933 2.14368358120261 1.95991400278548 2.15179707633613 2.19024635404206 2.15190508055718 2.02122066215588 2.43284086147889
1993-02-28 2.15673169997937 1.91518138443679 2.19014066970109 2.00540165276903 2.20364716000728 2.24296537843082 2.20371431060841 2.06920000951869 2.48927195150569
1993-03-31 2.25636826262867 1.93826357577853 2.24319860474999 2.03487199140170 2.25325937982742 2.31648373381156 2.2532065041481 2.09350222288202 2.54327858734406
1993-04-30 2.30403200957730 1.94776047728884 2.24789593325121 2.03552655979831 2.27446015361242 2.34472314585219 2.27502210076779 2.10350159330971 2.56709284279856
1993-05-31 2.32080853833031 1.93712201934454 2.23248627113380 2.02541940390714 2.27066189571091 2.34146860885801 2.27143360408732 2.09230050637319 2.56326079792891
1993-06-30 2.29871327088663 1.96442216173124 2.21585854784113 2.04320601045361 2.28390536425116 2.32770233375411 2.28449621667612 2.12104334148472 2.57760055642076
1993-07-31 2.32093605173049 1.97483210319335 2.21818573808177 2.04971329819189 2.29774035628416 2.34118069221122 2.29846457835075 2.13200335515768 2.59252168038753
1993-08-31 2.41618396996652 2.02504423554516 2.28291229685230 2.10380154324611 2.36432862328727 2.41876414782118 2.36515934834443 2.18486856497145 2.66478144148326
1993-09-30 2.39437133414231 2.03498288500681 2.28068505689965 2.11115923520345 2.36608400615261 2.40969582774917 2.36686273641299 2.19533225723960 2.66691328688391
1993-10-31 2.40894280954079 2.02971914562062 2.26012159446875 2.10319742663416 2.36567219490337 2.40379272343669 2.36634303759664 2.18979067546987 2.66638303447521
1993-11-30 2.26664793402241 1.98482316234537 2.15298124445417 2.04701464523881 2.28854988467971 2.28523450095621 2.28940536078697 2.14252283629673 2.58237830947215
1993-12-31 2.32009717659627 1.99151041462661 2.16430198135129 2.05348405961260 2.30901474473533 2.31367510193157 2.30967360910066 2.14956353219423 2.60461758057600
1994-01-31 2.48561185149245 2.05061317506981 2.28760044882972 2.13091259978333 2.40323050610483 2.45437664706405 2.40425106862191 2.2117893838967 2.70699330507004
1994-02-28 2.42404973125494 1.99240322134577 2.21540348839058 2.06809147018164 2.33864590646620 2.38867558065702 2.33962784667623 2.15050403276134 2.63634585971944
1994-03-31 2.31637744887125 1.92469925719462 2.13194487393062 1.99564210938634 2.25408490429727 2.29439254092367 2.25498197734482 2.07922338655836 2.54435800916897
1994-04-30 2.37451126262957 1.91466323475191 2.16166258922951 1.99885199951079 2.26967169026546 2.33274555289065 2.27058422094772 2.06865695637078 2.56137872151997
1994-05-31 2.39592618699934 1.92289409854999 2.18912568805134 2.01484514986151 2.28405068903889 2.35374604190425 2.28501760390481 2.0773225703532 2.57713981729535
1994-06-30 2.40577332454493 1.92635054406929 2.19941055623627 2.01829978024645 2.28958518966238 2.36547219581947 2.29050695982592 2.08096181253699 2.58310852377469
1994-07-31 2.47073813507253 1.97968177648664 2.26169645671764 2.07593032887233 2.35070474372021 2.42835704749855 2.35152600241689 2.13163430456529 2.65028088839408
1994-08-31 2.46434959423196 1.94423812357281 2.19402209073627 2.03408887854565 2.32222356196299 2.39041173764134 2.3235391395335 2.14283742147226 2.67497318485167
1994-09-30 2.39302268484491 1.90346238742463 2.14595252394199 1.989893674361 2.26706272457550 2.33139389218534 2.26817021134411 2.08858124647522 2.60702262779066
1994-10-31 2.44223811815073 1.90601304626685 2.17381235891845 2.00139017203561 2.29143107182050 2.36652181213323 2.29268934704522 2.09679782190485 2.6352573056335
1994-11-30 2.33471828786214 1.88358058420315 2.09862891972702 1.95842366480053 2.22847728647425 2.28219612074419 2.22948525941228 2.07018446244821 2.56745852691780
1994-12-31 2.38551509239348 1.91376879512211 2.14814227246832 1.99754542981426 2.26979330641338 2.32992448013940 2.27083113460899 2.09665810252934 2.60933472837312
1995-01-31 2.36802030717192 1.94953356600505 2.16192805547723 2.02465889909312 2.28384264445419 2.32978451707967 2.28484693511377 2.14172499875924 2.63228033809128
1995-02-28 2.42452851911983 2.01073335270901 2.22837530070736 2.08855939418321 2.34689556847701 2.39042991589917 2.34788542930636 2.20929301111651 2.70457945755643
1995-03-31 2.51516419773686 2.03564620522101 2.27624041983264 2.12335700250499 2.40176445454392 2.45676026807067 2.40282662673960 2.24012272016070 2.76726936595623
1995-04-30 2.61013309463148 2.08661469461137 2.35122772273979 2.18509689100104 2.47633899415707 2.53921909821065 2.47742844069953 2.29364962202881 2.84841239259847
1995-05-31 2.66038368459157 2.17765350941995 2.42388173310133 2.2665983801117 2.55229257199414 2.60476303171218 2.55338189082692 2.39941699650927 2.93848612951011
1995-06-30 2.65647950356512 2.18850249437952 2.43254890902442 2.27609961648716 2.55731140655085 2.60577391197707 2.55838405270872 2.41791238269501 2.94785502145960
1995-07-31 2.76089066377452 2.20521647471987 2.48791095763457 2.31161687031610 2.61771867934693 2.67770246217867 2.61914165551731 2.43583546458939 3.01473098105313
1995-08-31 2.75510874878346 2.24655564346675 2.53088147640639 2.35372440178452 2.64108930877845 2.69818036020989 2.64232452914992 2.48012267072630 3.04038593853234
1995-09-30 2.82424549325252 2.27960637579867 2.58655598385064 2.39678815634170 2.69399084660996 2.75564536773924 2.69544143518094 2.51560273245409 3.09962287483207
1995-10-31 2.81735761068001 2.31913691166715 2.61397662757963 2.43093767262329 2.71618610085230 2.77142937275385 2.71744597910931 2.55473774569108 3.12280791441286
1995-11-30 2.92211295707548 2.37921898352145 2.70759189442147 2.50549455708732 2.80184791108335 2.86565083215164 2.80313239973704 2.62354277866014 3.21722810230256
1995-12-31 3.08360492554628 2.47427199293575 2.85707559640495 2.62846270655173 2.93513141357594 3.01629614484165 2.93659924707251 2.71698247606147 3.35465398071614
1996-01-31 3.12679633654724 2.49556278598683 2.90719117592112 2.66082068550503 2.97339824782680 3.0595586326945 2.97510022696116 2.75668738921407 3.40017679196173
1996-02-29 3.16107676001579 2.46632275125782 2.93187788835041 2.66026490722849 2.97764931813568 3.07844005084238 2.97961019455788 2.74353939373305 3.40590598540654
1996-03-31 3.250626956368 2.48261355732323 3.00070657557558 2.70606852426138 3.03170811971703 3.14811621550522 3.03386100559838 2.77216627556005 3.46460412906221
1996-04-30 3.34824862369768 2.50807485964411 3.06030713201995 2.75223679183637 3.09307436104667 3.21572199073047 3.09473003795263 2.81661867203927 3.54013658922358
1996-05-31 3.3442208514565 2.51279695994927 3.08984588130538 2.76774491095951 3.10156092686819 3.22588821808641 3.10301984360533 2.83837538733838 3.55199944023278
1996-06-30 3.40903960115341 2.56576906077902 3.14837736000980 2.82536973342404 3.16058738967159 3.28676931089873 3.16209409355367 2.8925820058899 3.61761648665477
1996-07-31 3.27392083967256 2.49084393393569 3.03569905303993 2.73010767258506 3.05257144780378 3.17558061207268 3.05416507022305 2.80158836813751 3.49717225943520
1996-08-31 3.32909566750000 2.52725355926102 3.09023088501329 2.7760823590948 3.10089444316579 3.22532470919197 3.10233955503315 2.84545279912846 3.55097222158282
1996-09-30 3.46996017142314 2.63625136550798 3.23228894050423 2.90237184894063 3.23454944569384 3.36296068494619 3.23584687354705 2.97061146517697 3.69955368904168
1996-10-31 3.51001750524417 2.70309168447197 3.30801936097035 2.96934980158246 3.29682422430991 3.42195840302837 3.29791362051776 3.04407353463012 3.76031487308826
1996-11-30 3.73831743179517 2.80942363104236 3.52512607252779 3.12402417273821 3.47344124170305 3.62552101739398 3.47458522229585 3.22600735052531 3.99008493706273
1996-12-31 3.69985900003307 2.78313797361962 3.48500075588978 3.09601894385696 3.43665717591859 3.58669248766809 3.43777053212225 3.18840603218825 3.94795182219676
1997-01-31 3.71239587381668 2.79052870625542 3.56844589678358 3.12751117538417 3.4611213097131 3.61769477683592 3.46212366207915 3.25851854157382 3.984826880882
1997-02-28 3.65696393508144 2.7633694571908 3.5170060691362 3.07657820779163 3.42576072930186 3.57347628363291 3.4267997499611 3.21742607905743 3.9328890281038
1997-03-31 3.61341223424464 2.73318105629105 3.43862149578901 3.03372490043657 3.37764709192468 3.52056568182633 3.37871880881589 3.14829698489925 3.87391057685585
1997-04-30 3.72813540500193 2.79307079309124 3.57527386046938 3.12492721776149 3.47651953853169 3.63385018615053 3.47753697658591 3.26557838754684 4.00052361762139
1997-05-31 3.88773024775102 2.82726889571298 3.71331072874471 3.19135191073562 3.58614435516624 3.77150273993931 3.58726660063824 3.36591786861687 4.15834735552584
1997-06-30 3.95369683769766 2.85072018463802 3.78607908275446 3.21225060862052 3.64755082952667 3.84256208785548 3.64877782465303 3.42719188374592 4.23755937011959
1997-07-31 4.14631285852654 2.96047887019104 3.99429647537268 3.36217598139669 3.81277457590758 4.02791949601544 3.81471067857718 3.61910845835785 4.45089034770199
1997-08-31 3.98658418708317 2.94195210865867 3.91146186916623 3.32492261252507 3.72081055425821 3.91375194450684 3.722629399968 3.52447183079585 4.30875934346557
1997-09-30 4.16448263178747 3.00737063884092 4.05560214192727 3.42102636121787 3.84864748550791 4.06397488202721 3.8508487842383 3.65145147029594 4.48847746819411
1997-10-31 4.06624059862742 3.07318746074396 4.08341443264887 3.47165305432792 3.84902004005499 4.03851085389943 3.85022373100772 3.6656678568317 4.44002553957783
1997-11-30 3.96965442546557 3.02236918927302 3.96079680366304 3.38652707378921 3.76941056201607 3.93551572410454 3.77043610153582 3.62876326772827 4.31039228246161
1997-12-31 3.92981863179682 3.01975557192587 3.89350109034597 3.35418456021995 3.74327313693188 3.89113298749212 3.7442168058851 3.61535764271287 4.24719900605786
1998-01-31 3.99324293514653 3.06640636854906 3.93196839130339 3.39128840697992 3.80075817906008 3.94995946053171 3.80164492987852 3.66963686631472 4.31070717772043
1998-02-28 4.06836828835654 3.05079330784859 4.01256220416116 3.38615443103106 3.84082583294609 4.02226413241417 3.84161020122213 3.67919207227701 4.35494341430863
1998-03-31 4.17300142614115 3.06448930959293 4.1230510326344 3.42613435098634 3.90618964167269 4.11810769394832 3.90698775258052 3.71246423263857 4.42728391699969
1998-04-30 4.1663351085132 3.07719051196918 4.12584748579129 3.42767520058181 3.9129440701768 4.11941986964578 3.91375599874376 3.73395701901028 4.44335337805612
1998-05-31 4.08794617183398 3.10498163490738 4.0623354435338 3.41274413844327 3.89085760448027 4.06524311032104 3.89155020900213 3.75269117304913 4.43172067284176
1998-06-30 4.1154961578139 3.13155656104401 4.1255808645739 3.44070097575906 3.92817110440532 4.10573749982648 3.92898005528649 3.808507629902 4.48464447056138
1998-07-31 4.00848197678644 3.12453643899070 4.02965838666222 3.3841026317274 3.87445031161852 4.02190957649268 3.87527440811568 3.80838956916814 4.42506239787810
1998-08-31 3.55928368664571 3.17685781035952 3.66558299877284 3.29544905195968 3.67457547389061 3.67062640348173 3.67523286133668 3.84709832559526 4.20237587275789
1998-09-30 3.7193342491612 3.28358234403335 3.87002120180867 3.44436553398935 3.81906990741436 3.83344644547385 3.81973900424086 3.969137126908 4.36303678090894
1998-10-31 3.85653710443808 3.26176854781727 3.93167246680958 3.42755884003779 3.85141801226027 3.92297021144913 3.85311467138035 3.94383236913624 4.40015763633007
1998-11-30 3.84242501713488 3.27222707756618 3.88179899571918 3.38450335600823 3.8445303962557 3.89504157335552 3.84700362294873 3.95596522584904 4.3933441065333
1998-12-31 3.95469949121326 3.28691837975962 3.97335198104494 3.4021642230819 3.89725166205746 3.98561801641221 3.90062732047413 3.97300782798905 4.45300781749962
1999-01-31 4.0150791410876 3.31691693209926 4.06757844187303 3.44503722129561 3.94656856951537 4.05080382658810 3.95002945821664 4.0078074258349 4.50784577428266
1999-02-28 3.85958119051915 3.23265962457662 3.92247804795511 3.34174924751352 3.82730253112626 3.9075721532214 3.83057661331405 3.91006536201519 4.37490524012569
1999-03-31 4.13501563079534 3.25986449303106 4.11613064272845 3.43562601451017 3.95060982801172 4.11981845831968 3.95440360314103 3.94162416760646 4.51292069073359
1999-04-30 4.28869764499188 3.2796729673198 4.2410061378856 3.49987207718491 4.03773346314168 4.24566624837693 4.04200390376444 3.96460341021466 4.61019564325518
1999-05-31 4.09485620875352 3.23215522518354 4.09644253817783 3.40500566393707 3.91909637966699 4.08742231250842 3.92284189396196 3.90948003460922 4.47781039387966
1999-06-30 4.28188336351723 3.22212671907997 4.24457912822216 3.45983549838546 4.00632272857293 4.23233742185255 4.01058252441211 3.89784739151843 4.57509738043265
1999-07-31 4.31901134623647 3.21103298958967 4.20749807487427 3.44620364648936 4.00518283182233 4.23826577987624 4.00958408396449 3.86669380124082 4.57351567970158
1999-08-31 4.40747305508662 3.21356293241856 4.23677071306942 3.46445583094793 4.03802886909304 4.28916268828442 4.04239409737803 3.86335285691866 4.61003163836524
1999-09-30 4.4735607120635 3.26265067874826 4.24133739259943 3.49816739030587 4.08346015317583 4.33011799887364 4.08767193582557 3.89844394150724 4.660157208667
1999-10-31 4.53441049024220 3.27268975813173 4.33987982673025 3.52995692625181 4.13474088162524 4.40431908636184 4.13906882553983 3.98179153706101 4.76857083951607
1999-11-30 4.66151397946659 3.27926720092924 4.4293521165562 3.57397497423856 4.19681902885122 4.50046655399119 4.20124383126808 4.00751107909269 4.82576630023556
1999-12-31 4.91295819492017 3.27194602726254 4.62224319972214 3.65291422458006 4.31526576636515 4.69658726188507 4.31992721546414 4.06377311023284 4.96049253968698
2000-01-31 4.83051547936911 3.24671049444112 4.50819863501106 3.56955771906136 4.25280401223402 4.60691225736417 4.25625216594293 3.93571858361071 4.85743557723455
2000-02-29 4.95035255640813 3.30226812836581 4.57230409314118 3.62757787036208 4.3312164675 4.69695855542796 4.33422928542936 3.95543572466076 4.95377184252948
2000-03-31 5.1262707816032 3.36518753183513 4.76885763585012 3.73958799909784 4.46223183434921 4.86718802177681 4.46640066100445 4.14569749711149 5.14239197158866
2000-04-30 4.97404379713876 3.34380077171246 4.6636655205126 3.68110447628892 4.38208638902262 4.74769260022616 4.3860864766036 4.06406685983221 4.99809636696586
2000-05-31 5.05961009137525 3.35101857353293 4.71961159649002 3.70410070322746 4.41506274855138 4.80544889148249 4.41987682494964 4.03597083406190 5.07145995192186
2000-06-30 5.28942571474812 3.44380076353393 4.90346052933464 3.83016625578846 4.57000908323797 4.99990079975134 4.57539235162256 4.15407528885244 5.29116766844376
2000-07-31 5.07917206572698 3.46945103090206 4.77525345212108 3.78724145727058 4.50275274626764 4.85565868471956 4.50713285236642 4.05229276891468 5.09484784510973
2000-08-31 5.39773718103525 3.54895877308119 5.06474339291792 3.94731316819155 4.68759377099489 5.12104389484773 4.69300937687872 4.32918240596233 5.41482945359066
2000-09-30 5.21632371924462 3.57375487231828 4.92971522113081 3.92255422507028 4.62157664579913 4.98752237858512 4.62615942647346 4.20379070163842 5.23619969776729
2000-10-31 5.18655225653266 3.60466421574977 4.9193701597338 3.93464699608451 4.62826015440804 4.97150627554914 4.63283804729419 4.21623737992141 5.2531840812005
2000-11-30 5.15304689276156 3.68624169620714 4.82020295945967 3.9649603238312 4.64235865792334 4.92607147710641 4.64697383000548 4.16939476789267 5.24528980491829
2000-12-31 5.20424393761154 3.77040804910997 4.88385021199451 4.0411896365638 4.72387820909095 4.99405312609153 4.7285964780233 4.21245411310093 5.29018402256749
2001-01-31 5.19222244520469 3.83097639099483 4.91337924263895 4.06682559725005 4.76858309826714 5.00958294310013 4.77316581780866 4.23906901016352 5.34405176757199
2001-02-28 4.8994149637649 3.87243825544074 4.68572889782994 4.05915049281532 4.67738966859627 4.78739640434109 4.68163951517216 4.27167930904155 5.27284362872335
2001-03-31 4.65069775658246 3.89416457579566 4.50288034499962 4.0301390738646 4.59453618626518 4.60040874228988 4.59847223908485 4.27094784270329 5.2058352593766
2001-04-30 4.90964068562418 3.87448391922515 4.69387685879551 4.06529055446059 4.67666778094453 4.79759983691416 4.68083277192727 4.24975263743695 5.29775270731069
2001-05-31 4.8307163906996 3.89915450572542 4.65859184892827 4.05538199217853 4.66585212072043 4.74172509829143 4.66970360291118 4.27632213407162 5.28518868886519
2001-06-30 4.62388294523285 3.90678181353094 4.48918586589658 4.00326013620644 4.59377280722241 4.57531099762596 4.59731732488259 4.28453576802245 5.20458274446072
2001-07-31 4.61899852815159 4.01520885501636 4.52331610221021 4.08780279610343 4.66841424969053 4.59934416282637 4.67221209297775 4.40131020663766 5.28771775883569
2001-08-31 4.51864543090669 4.06684146199032 4.45815842855190 4.12642958210206 4.66640883958559 4.53691881041668 4.67041663474165 4.45691780743407 5.28635775974951
2001-09-30 4.09810385145359 4.12117532035639 4.14679414139461 4.06310577339275 4.54314776012095 4.21610018225358 4.54771685317451 4.51543477523381 5.15077126613291
2001-10-31 4.11156707665371 4.21935201437448 4.1469135931052 4.12166601691672 4.6147456355445 4.24234516922883 4.61923231292182 4.6211702769586 5.23001053482189
2001-11-30 4.16364935115174 4.14289101635128 4.14458310015613 4.04345847860569 4.57817064492992 4.26212019786625 4.58255515933759 4.53882314580219 5.18930975681861
2001-12-31 4.16011471981176 4.10906425513289 4.12837097087245 4.01178120117311 4.55260387174318 4.25095821942719 4.55695376849212 4.50239223534922 5.16091884316215
2002-01-31 4.03664450638967 4.14016823695722 4.02934338270757 3.98694851194111 4.52470751660208 4.15748937090424 4.52906594097116 4.53589090109632 5.12986556800132
2002-02-28 4.08498901331364 4.18981725518977 4.07616954199141 4.04726973409662 4.57894051525678 4.20563920305001 4.58308416178638 4.5893623042154 5.18992304135259
2002-03-31 4.32494184746554 4.10553874475191 4.24032056139573 4.06533970225503 4.61903380205451 4.37970501681014 4.62296838443352 4.498595643162 5.23430179902810
2002-04-30 4.28889567693492 4.19987529635773 4.25727798574852 4.15084346299182 4.67660341837653 4.37402848736054 4.68063536819377 4.60019496337446 5.29867407492807
2002-05-31 4.24768766039943 4.23436666835943 4.24262506474991 4.16877661393487 4.6894669839129 4.34981563910462 4.69348587659379 4.6373417392969 5.31305921333026
2002-06-30 4.15098069121221 4.27084509106273 4.18365622571011 4.19313264289248 4.68602678555949 4.28291885949791 4.69013362095483 4.67662898901372 5.30967033566181
2002-07-31 3.9260228752476 4.30629980640772 3.97272531999332 4.16887825342023 4.64052524409912 4.10966818182827 4.64419035989431 4.71481047387316 5.25882085558268
2002-08-31 4.02746083331446 4.39913200836255 4.05383540609563 4.26332605248111 4.7442786552225 4.20997070739904 4.7479811909087 4.81478883995301 5.37383265874105
2002-09-30 3.82712825871963 4.45939941512632 3.88353508730475 4.27412836534773 4.72359998150169 4.06221315543271 4.72672416273071 4.87969303278477 5.35027931398022
2002-10-31 3.92113272940017 4.4298518726263 3.88433501218459 4.24853559543416 4.73036895825003 4.10883553234713 4.73340139313177 4.84787055612385 5.35744697149638
2002-11-30 4.04603367803994 4.43352902603354 3.95147233745694 4.26738360942742 4.7724822393431 4.2002320825426 4.77548269230196 4.85183085284871 5.40402301403856
2002-12-31 4.02857940962957 4.55092344857154 4.03643001699054 4.38028032255243 4.85746988806733 4.23701970179190 4.8606219542003 4.97826318572593 5.49870196266412
2003-01-31 4.04471389141064 4.56872049721640 4.15493233545903 4.41138011391818 4.88425854915461 4.29428750331683 4.88783155709713 4.99743376973804 5.52942155954915
2003-02-28 4.16250080634595 4.66670382879018 4.38525355795686 4.53029366310824 5.00450990117554 4.45740926141253 5.00859840106489 5.10296446468499 5.66399854243359
2003-03-31 3.89641985932174 4.60413135755013 3.98964652442505 4.3939778169854 4.86885544741833 4.1584777502374 4.87226775692608 5.03556793553666 5.51178742317618
2003-04-30 4.02995249821151 4.65663539648197 4.13229910464667 4.47057785707657 4.94953070278812 4.27182363149717 4.95305450371959 5.09210956641803 5.60108753440471
2003-05-31 4.29596798944056 4.77900360743875 4.37465844088723 4.62512840655668 5.12378127931112 4.5175697847319 5.12743053264153 5.22389955898072 5.79479108889528
2003-06-30 4.34800206370481 4.77574094892767 4.42984346504762 4.63788722515616 5.13601032230445 4.55985184456507 5.13958913275086 5.22038519008467 5.80827346081578
2003-07-31 4.36595275982774 4.59007765230704 4.41667781963589 4.49460350656014 4.9865229565732 4.53754759422367 4.9900397402306 5.02042856189626 5.6423427889775
2003-08-31 4.48597148371371 4.63283854045624 4.52061031089577 4.55097997216533 5.05177073693634 4.64362953473022 5.0553700827354 5.06648147987661 5.7147777481318
2003-09-30 4.48737480489591 4.77688424557761 4.60517193690143 4.67790037352030 5.16877325373838 4.67961401774534 5.17227728813692 5.22161608106251 5.84421213316472
2003-10-31 4.65728145303689 4.7834038504888 4.74446802798443 4.7151859070596 5.21426462508668 4.80943837051414 5.21775121104118 5.22863739156867 5.89461776405855
2003-11-30 4.74023283054284 4.82045999255355 4.82796332333008 4.76189872297452 5.26299514325531 4.88260325713484 5.26653868268423 5.26854557244055 5.94870984094791
2003-12-31 5.01842401306575 4.94523096473845 5.09336631049669 4.91680319768223 5.43024703382011 5.12675300601675 5.43390601010625 5.40292080622935 6.13427440388839
2004-01-31 5.08452968805758 4.99658031789772 5.15126234366025 4.96946372084809 5.4892653381513 5.18814323694461 5.49296350195217 5.45784905147831 6.19837990999778
2004-02-29 5.26034112300066 5.09051716787939 5.31989124868495 5.07755805866402 5.61233387546219 5.3532052492139 5.61608796753902 5.56237096679767 6.33758723252093
2004-03-31 5.28949244083312 5.14034191851067 5.38062945316819 5.12750095786232 5.65681031037939 5.39281218961479 5.66058758184037 5.61688105284075 6.39219842198527
2004-04-30 5.22970897112367 4.9983449140032 5.29806325432159 4.99936317885132 5.52950438975653 5.31930902946795 5.53325330798562 5.49930769005035 6.2584932410216
2004-05-31 5.32200094454194 4.99590532526201 5.36265519960291 5.01111748951527 5.55550928187907 5.39587149863777 5.55931935736967 5.52902037939791 6.29224237771822
2004-06-30 5.31126062281177 5.02317055157563 5.35200485697836 5.03067603310392 5.56793698641243 5.37895778362459 5.57171689666215 5.51702309512092 6.29431156474783
2004-07-31 5.33395172496682 5.08171343349575 5.43051170186255 5.08880481288802 5.63074710866372 5.4445948073438 5.6345855205475 5.65117206682298 6.370028138056
2004-08-31 5.30867484877844 5.14601026833277 5.4136451167576 5.13536902819469 5.67249854592653 5.43275685070594 5.67639521519429 5.65402044161453 6.35036566442579
2004-09-30 5.55031625353069 5.24846820619996 5.66620166988104 5.26794116357675 5.82296661398693 5.66448401896361 5.82690041558495 5.88584592589593 6.6254191301533
2004-10-31 5.70801795384251 5.33926557040447 5.80111981051374 5.37202944722604 5.93283663372026 5.80895793045923 5.93685259489558 6.00260013585528 6.78053051130344
2004-11-30 5.78055211771462 5.32770963678051 5.74101241564517 5.37639526389301 5.92548199371482 5.82879864878037 5.92942626474606 5.93144604680054 6.78633928734365
2004-12-31 5.74945007477685 5.35647323497588 5.60076621231868 5.39495385119999 5.92774368697064 5.77593055223178 5.93154145506943 5.85849413764840 6.75105218544607
2005-01-31 5.79368296143023 5.39540313788191 5.68382412137611 5.4316331819127 5.97440423443043 5.83120103492115 5.97819672345214 5.88164580493946 6.82036948942545
2005-02-28 5.99167497776071 5.42397228415795 5.82660635892132 5.48467106005739 6.03960713641856 5.98670411818913 6.0433427787512 6.01649677019492 7.05320621357606
2005-03-31 6.04263187093011 5.40488681828951 5.92342979593633 5.47162715443071 6.04398154709064 6.03366576977318 6.04762041384708 5.9928817059571 7.13259852740373
2005-04-30 5.81766026422528 5.42301666097472 5.74472699139166 5.45806516611706 6.00973716226368 5.876094225341 6.01313758960934 5.82529570503388 6.87262661937404
2005-05-31 5.88112009790317 5.48147072463956 5.83762128275531 5.51604847655931 6.08209519138842 5.94300288192639 6.08548915700962 5.85379518610907 6.94616426380993
2005-06-30 6.00333566643742 5.53892375026772 5.94095544183238 5.58154267459339 6.15548501004722 6.04740771789661 6.15901586919284 5.98298470178918 7.08675386364082
2005-07-31 6.19295191287105 5.53286258830285 6.06991202618086 5.60150420624967 6.1927045564461 6.18484240347629 6.19622086547493 6.0876218148452 7.31430784534132
2005-08-31 6.48626598375559 5.6609050171557 6.29774377123674 5.74355243295769 6.35997790168318 6.42589422075548 6.36352385632717 6.39719569678665 7.64421979223858
2005-09-30 6.56128930912283 5.63890153834122 6.36606986414456 5.73829498705137 6.3468805229946 6.47395040545101 6.3504474810603 6.44609145569609 7.74167982014521
2005-10-31 6.23977689184236 5.53945642951758 6.14693170605268 5.62310454393966 6.19972904291005 6.23106791839585 6.20313468234981 6.15985858187107 7.38186714208683
2005-11-30 6.29292353738051 5.58342359263495 6.22329850802454 5.67552950180304 6.25026563464383 6.29628173152786 6.25368268260056 6.18540375239449 7.46996627475287
2005-12-31 6.43972691148197 5.67547257846143 6.37882392768717 5.77301355098487 6.34916865990725 6.42640134553942 6.35260068960648 6.3763671101969 7.64622143657031
2006-01-31 6.67262708281527 5.73503963182896 6.57139118893985 5.85214905228224 6.44369285615021 6.6120941099362 6.44715689090848 6.59657948697331 7.92680859530208
2006-02-28 6.46248166462364 5.73903651729727 6.49399518486461 5.8498120786376 6.4015170507407 6.49274291743785 6.40470989686295 6.53203111762226 7.7336022441556
2006-03-31 6.61477257979932 5.72186249312607 6.58929428104601 5.84863142345832 6.41471017936927 6.59119453698173 6.41795847776028 6.63995718785372 7.90890610568605
2006-04-30 6.83696061507124 5.75258614177752 6.71730052336289 5.8922420396931 6.48397085702592 6.74865300481924 6.48735915353923 6.80063027264763 8.14530305668976
2006-05-31 6.68458954889178 5.70182025118738 6.57895445300256 5.82567233292475 6.41155699122625 6.6142118451631 6.4149539355004 6.6562841416817 7.95129835946024
2006-06-30 6.71439712400715 5.71401642758502 6.59693265280278 5.83805761679675 6.42860044393247 6.6358031968142 6.43203192531385 6.66773466862192 7.9790878501311
2006-07-31 6.80974067590459 5.7993926533964 6.68153075612177 5.92171558027976 6.52337190557245 6.7276934251946 6.5268431161551 6.76404522983244 8.08273337396393
2006-08-31 6.78360877591815 5.90241226063471 6.74075894466922 6.02689533839224 6.6024289887118 6.7665998889566 6.60601522320637 6.86055346004507 8.09530406078398
2006-09-30 6.63671514052764 5.95444458281268 6.74132635953276 6.08257357461885 6.61048329621202 6.71109797172983 6.61412731984446 6.82521998276858 7.98005734866109
2006-10-31 6.73120980211442 6.03885282977833 6.87338953710927 6.18039040154398 6.70408252475146 6.83166843313554 6.70796980506375 6.9398399035659 8.12488030003537
2006-11-30 6.94530946974757 6.13696905416674 7.03013241667828 6.29225035316539 6.84006935705978 7.00199087264344 6.84398793877033 7.06771029229177 8.32874179330836
2006-12-31 6.87347503277539 6.11930999614026 7.02856756546423 6.28724581489235 6.81490792211924 6.98703871899653 6.81899320854933 7.09677755523968 8.31322735499995
2007-01-31 6.86908611642238 6.14166742698435 7.06908062478212 6.31169474449482 6.82925243028964 7.01196974016154 6.83312984348655 7.1119861126808 8.35009738393954
2007-02-28 6.95483001806283 6.18989576757074 7.08426505991736 6.36054379925642 6.9024564657916 7.05765046653445 6.90672818510527 7.20947826582898 8.41087536079582
2007-03-31 7.08950529812622 6.21224870946474 7.16384932128798 6.39773385366768 6.95673670514602 7.14953736100244 6.96105000963198 7.25914861855215 8.46847540298619
2007-04-30 7.26844218853575 6.31967431993685 7.3621594836491 6.5201540905744 7.08432230548168 7.33457482904604 7.08831935626031 7.3886454996437 8.69187150309526
2007-05-31 7.3307791457852 6.34208906240358 7.46071259026796 6.55054941579062 7.10529247182205 7.41077411918595 7.10901382768436 7.38388684845396 8.78862084619969
2007-06-30 7.35309096401966 6.29690232018908 7.41217284919656 6.5105657342838 7.07997845976886 7.38571485904906 7.08362037920706 7.36924567713667 8.75960195117134
2007-07-31 7.3841080628671 6.30262994683795 7.36688614374237 6.51070465438856 7.10033978816567 7.37292950975187 7.10385836230657 7.37863133384451 8.7337005100336
2007-08-31 7.31279077481716 6.38200634341305 7.4069451175023 6.57815719047898 7.14555927624425 7.37670203889934 7.1491263377208 7.40762745779141 8.72680608229533
2007-09-30 7.69989483272628 6.50614765431597 7.67026425478576 6.72918696079052 7.3333392490453 7.66408838622667 7.33697840545256 7.58585977780138 9.08699066029884
2007-10-31 8.02699814633152 6.60876537312937 7.8706623026833 6.85249328433565 7.49333555272479 7.89891616895421 7.49730858818793 7.76493584813464 9.39810196023258
2007-11-30 7.80683740347679 6.63431004520648 7.71852809229819 6.85032511945788 7.48511657318745 7.75510913708966 7.48953919814418 7.74520472700643 9.15401926960323
2007-12-31 7.8694482960598 6.64546978412102 7.73866772670508 6.86115428608896 7.49904717917823 7.77510834410613 7.50423063868542 7.67472132302189 9.17932014737359
2008-01-31 7.54328959629608 6.65094130316084 7.49848543231541 6.82335934390483 7.437573218014 7.51444903004608 7.44271790775182 7.38364056393825 8.70436569790982
2008-02-29 7.73512102237746 6.65676733709803 7.50761171928163 6.83586694303655 7.49222069217138 7.59621906735046 7.49728952001053 7.49278747866374 8.82183983962291
2008-03-31 7.68168300781618 6.65926391948278 7.48163592779466 6.8330956675796 7.48382561124888 7.56292748114168 7.48889024349307 7.46270474603822 8.76166180075703
2008-04-30 8.04754490436229 6.71297868288415 7.74251419659229 6.9172740558175 7.5877126007848 7.83480155929345 7.59324969631839 7.57088851246801 8.92052581002684
2008-05-31 8.27892403026206 6.70155112620447 7.88437558222627 6.92583922299708 7.61162602793865 7.98060148301408 7.61768745883288 7.63416749628918 8.9923408643434
2008-06-30 8.07768747759905 6.60554920819918 7.65765171114702 6.80699477578851 7.50727616191453 7.76476533508596 7.5137370325284 7.67250918322305 8.93497546790918
2008-07-31 7.66486023950516 6.53436624863612 7.39656725055598 6.7081338654599 7.3727479254889 7.4762623128566 7.37875968354501 7.42648645399647 8.58543711952314
2008-08-31 7.47880191642307 6.58418851153521 7.37018446515127 6.74125323696511 7.37446125435 7.37933348770603 7.38026434288741 7.37408970359986 8.40812373977074
2008-09-30 6.61678033774306 6.34517911490803 6.78573828434646 6.43968563527699 7.0058638463246 6.70779781829953 7.01122167077751 7.05466384995042 7.70101518130495
2008-10-31 4.9575016455153 6.01035734202002 5.55149151676212 5.91529818390839 6.38625911175367 5.42236978552857 6.39129589845116 6.68750482126148 7.02973211275215
2008-11-30 4.63423678339929 6.22095962208806 5.35606733744959 6.03770797271238 6.5146996116141 5.23656714785742 6.51984899233773 6.91845040774333 7.17004817827195
2008-12-31 4.63911689272842 6.42718038108167 5.427013663967 6.20790200893386 6.70569210986285 5.31869379055321 6.71129642687791 7.14459215634109 7.37824065102167
2009-01-31 4.20446569256633 6.30880102491655 5.03006016246729 6.02794996281108 6.49770526019186 4.92170880050842 6.50290938472251 7.014777014993 7.15235023774942
2009-02-28 3.82261236735944 6.22869480180244 4.63000077178121 5.87587576100986 6.33591015791839 4.54981396868825 6.34077319061541 6.9269315786021 6.9769315161479
2009-03-31 4.04942080291564 6.35299293459465 4.88528610917996 6.02847431291618 6.49571669255842 4.78531951856625 6.50078748002936 7.06323676011802 7.15042609476622
2009-04-30 4.29500739707736 6.41010616183142 5.17846189564048 6.16275976487972 6.62673143395579 5.04860322318193 6.63142459037872 7.12586624614463 7.29282416750032
2009-05-31 4.732856157649 6.4870958896652 5.48898485403866 6.30112372933533 6.8317915868627 5.4165166923176 6.8369948836383 7.210292336477 7.51553810601817
2009-06-30 4.74344859514714 6.53110461749886 5.50670720488875 6.33653474750424 6.86902384823736 5.43205156980637 6.87428730006567 7.2585519974783 7.55600621021055
2009-07-31 4.98996008436162 6.65927459429121 5.78528934938424 6.50760095237753 7.04242241883456 5.69288441559693 7.04775104716039 7.39910262135507 7.74490960916147
2009-08-31 5.10466664218945 6.75472046245801 5.93529223537773 6.62605518007189 7.15502342629272 5.83051975011885 7.16037790867264 7.50376801999941 7.86765212792568
2009-09-30 5.24088909839357 6.85290720190044 6.0984691622759 6.74344118222751 7.27349340423471 5.9806061129134 7.27888998300215 7.61143905377422 7.99663944400682
2009-10-31 5.28480269435761 6.87183722569781 6.10989134895708 6.74788400315618 7.30710025734429 6.01095068939359 7.31248326961107 7.63219762079125 8.0331871418155
2009-11-30 5.44772598195668 7.00311228463786 6.3296078152581 6.8941772175111 7.45326689034153 6.18552466049489 7.45875974908251 7.77615278242155 8.1921827746728
2009-12-31 5.48734756577761 6.88581950365239 6.34968926895771 6.80456048169013 7.36472528601763 6.1985716908568 7.37014265060678 7.64753032669646 8.09583826075496
2010-01-31 5.23780436989681 6.97034650703423 6.16109386541708 6.83834136962832 7.34526652661821 6.00551776743261 7.35067984722454 7.74022199551672 8.07597774882897
2010-02-28 5.35736809081596 7.01240883305846 6.25039645472989 6.88271697948171 7.41048698531197 6.1105427807333 7.41594239211885 7.78634722947246 8.14631967449986
2010-03-31 5.56740552861756 7.040105180868 6.45374170471668 6.95963690720008 7.49758674864133 6.30072373128384 7.50312068549758 7.8167188437688 8.2408093771809
2010-04-30 5.62464233661393 7.1240573034604 6.50463992890249 7.0285684008678 7.57371663751545 6.36028522574639 7.57923993340147 7.9087800487529 8.32342689242134
2010-05-31 5.03201771337528 7.12184447262345 6.00910377103688 6.90655983030925 7.34692793448772 5.85804541331556 7.35180250144977 7.90635452474988 8.07618382123538
2010-06-30 4.96564499304092 7.19489081822464 5.95221108739799 6.93919779366337 7.39383210623893 5.81381297948299 7.39840043801725 7.98645731822988 8.12657488140443
