"Index" "weights/EqualWeight" "weights/MinRisk" "weights/MinRisk_PositionLimit" "weights/MinRisk_RiskLimit" "weights/MinRiskConc" "weights/MinRiskConc_PositionLimit" "weights/EqualRisk" "weights/MinRisk_ReturnTarget" "weights/MinRiskConc_ReturnTarget"
1984-01-31 0.0173190076082603 0.0201809626474290 0.0156905831975223 0.0188959152880799 0.0184197102550905 0.0175068157753402 0.0184422659719798 0.0196795042286426 0.0184286751718941
1984-02-29 -0.00587858942306219 -0.00569473910078644 -0.0105036316624492 -0.00641410885918858 -0.00670261781523351 -0.00728896234459542 -0.00669019335570564 -0.00669246941550883 -0.0067027638265793
1984-03-31 0.0382006682172853 0.0154402394734356 0.0261867384410521 0.021470996433246 0.02500669567407 0.0292035645474051 0.0250546697914862 0.0154079234844304 0.0250649389573350
1984-04-30 -0.0076935698902102 -0.00967167714601236 -0.00606514123984281 -0.00915759836381913 -0.00811622474893192 -0.00745564743864469 -0.0081279604422495 -0.0092923742974479 -0.00758061827909295
1984-05-31 -0.0425691227416746 -0.0358865455631967 -0.0498202903604185 -0.0388398438154697 -0.0405510408871372 -0.0434211692687279 -0.0406087250758499 -0.0531343784356024 -0.0498845279130787
1984-06-30 -0.000847478708961513 -0.00141926438194528 0.00460425239270079 -0.00110851690735370 0.000253747668710114 0.000958606448856925 0.000246115566175709 0.00247675073475317 0.0033273792441797
1984-07-31 -0.0252783961148717 0.0108474326124768 -0.00844280565974842 0.00193679481281972 -0.0065230405283474 -0.00951867777276294 -0.00660508396838999 0.00672634596095656 0.00220862892888474
1984-08-31 0.0614593768185547 0.0278050515919726 0.0487781517095509 0.0377951736511506 0.0483916581879935 0.0506149874248427 0.0484079304578506 0.0551473465907355 0.054218754518401
1984-09-30 -0.00387301470399748 -0.00230913030459001 -0.00272341971590262 -0.00246104977991746 -0.00287830591419314 -0.00300642766471282 -0.00288498526043979 -0.00130402356196047 -0.00208889233275056
1984-10-31 0.0234600920532679 0.0436898778667203 0.0287043853930675 0.0358966057966017 0.0330975579367518 0.0304915339936953 0.0331175616550543 0.0436905346459682 0.0330843554934845
1984-11-30 0.00438447494696637 0.0125648675446659 0.00542967071239464 0.0094668704545633 0.00799721021302968 0.00689652311217337 0.00799980274920986 0.0125652205848326 0.00798538418963823
1984-12-31 0.0095950556551181 0.00895953344952827 0.0123408238929987 0.00847639828767166 0.010625730021532 0.0107108896549986 0.0106506094815859 0.00895928080465058 0.0106520392270013
1985-01-31 0.0334430504301533 0.0280073661437679 0.0387291006847292 0.0319598417903875 0.0321181868897489 0.0329122554456407 0.0320988946271981 0.0280076337261916 0.0321149633705717
1985-02-28 -0.00630348896651212 -0.0145128660293089 -0.0063344225923565 -0.0108799107252021 -0.00934800292308668 -0.00857872797208337 -0.00935870146232232 -0.0145129404645257 -0.00935867599259188
1985-03-31 0.0284382708764304 0.00870990769238866 0.0142964273834498 0.0124743649822523 0.0197831294861799 0.0207778883658858 0.0197900521876617 0.0087087938018151 0.0197287672673305
1985-04-30 7.46032166105692e-05 0.0222311044476819 0.00942519632557581 0.0138333512157462 0.0102597685718981 0.00825764425001263 0.0102526770105504 0.0224087716137986 0.0102504018947507
1985-05-31 0.0386116217415213 0.0449210198481951 0.045902059587871 0.0434430316043706 0.0423218246203692 0.0419744026176072 0.0423158401344563 0.0457093339999828 0.0423156412430981
1985-06-30 0.00339668631043510 -0.00113983804142981 0.003661326769137 -0.000399787274334207 0.00232094480381173 0.00272296145394679 0.00231822233633894 -0.000489420432170595 0.00231532641938692
1985-07-31 0.00782521080397203 -0.000570272545137085 -0.00184553542315458 -0.00267457814579419 0.00477510130029057 0.00475109445018407 0.00476366933863881 -9.97353845889615e-05 0.00476551779079593
1985-08-31 0.0102418983951695 0.00279506634346882 0.00395795600550231 0.00360386203952001 0.0068866188692629 0.00701577022875233 0.00686804931393614 0.00255836014802124 0.00688893736568952
1985-09-30 0.026057589126004 0.0239289496608235 0.0189218546690320 0.0228602926672752 0.0242018876212811 0.0240635577134238 0.0241778466851266 0.0229444996753922 0.0242012582360711
1985-10-31 0.0492163546031592 0.0320661216406246 0.0440204557543113 0.0401913033097905 0.0421918428461785 0.0436110567736390 0.04222053836142 0.0310196305456907 0.0416237771753447
1985-11-30 0.0322413015091931 0.00847080194702787 0.0229512322954764 0.0151600308735964 0.0234458290282535 0.0251079458719252 0.0233766826477071 0.0086499248800962 0.0239770633475167
1985-12-31 0.0316919631646790 0.0387752060502522 0.0277687112982954 0.0290834424063133 0.0343570414213659 0.0333602059754912 0.0343018269340303 0.041242714871788 0.0359242043590862
1986-01-31 -0.0165130448003878 -0.00379091214946115 -0.0183877557633999 -0.0206951260344301 -0.0135866907197280 -0.0150769745492384 -0.0135787427824039 0.00297756767101154 -0.0084263156382709
1986-02-28 0.0472261932567464 0.0371224016402625 0.038810354860455 0.0299896324680982 0.0412826794399701 0.0426043582577553 0.041277074497611 0.0436176786361264 0.045918380873937
1986-03-31 0.0556779303646997 0.0327502198500311 0.0399118835830246 0.0322589673885141 0.0443728777530972 0.0469618348146883 0.0443750620251295 0.037587094806953 0.0470305400264919
1986-04-30 0.0265767660425777 0.00767667061646793 0.00885070902392404 0.00824625306067306 0.0182044926366112 0.0195335016529268 0.0183148767297925 0.00767615362225738 0.0182423808061551
1986-05-31 -0.00876880474644837 -0.000682664926110688 0.0114308694970968 0.00786597780758003 -0.00334093739157570 -0.00360608113583794 -0.00347483858033215 -0.000682122395206708 -0.00340293123434610
1986-06-30 0.0307848231107795 0.0114005159827906 0.0199221760918848 0.0168034943163586 0.0232124587368001 0.0247720244128073 0.0232453348909849 0.0114001060612758 0.0231802152913394
1986-07-31 0.0050146695337574 0.00690529047089683 -0.0110713441342499 -0.0067410601848471 0.00286866124015472 0.00237443500220080 0.00292709761893994 0.00788224614772859 0.00224357126234631
1986-08-31 0.0610774650579564 0.0101422767458017 0.0465220376739459 0.0338439322468393 0.043595149481555 0.0483412514625619 0.0435375119737753 0.0168202246163844 0.0427746686739565
1986-09-30 -0.0255789984597882 0.0057587091055249 -0.0298924337987138 -0.0190306987924063 -0.0172060256063499 -0.0203423043739519 -0.017121656003798 0.00186472363659296 -0.0174371374862538
1986-10-31 0.00214662108046837 0.0111337830429874 0.0126641849523288 0.00417776646929968 0.00801966749068295 0.006057065287282 0.00791338036655942 0.00184343204499671 0.0081407660635009
1986-11-30 0.0268201537468629 0.00402369370939093 0.0201311681598326 0.0127665669567918 0.0169184063417112 0.0211699132718239 0.0169026448443657 0.00769115425191136 0.0156365178419449
1986-12-31 0.0077574906133635 0.0176671516427174 0.00539038035532435 0.0171399968925599 0.0104856321788331 0.00899313860282436 0.0105824544907291 0.0224382911558971 0.0120237469661548
1987-01-31 0.0711508818019504 0.00951567649912022 0.0665257485822168 0.0381134200041948 0.0446237972356041 0.0585059029179826 0.0447060398295858 0.0166812888222572 0.0438439654544993
1987-02-28 0.00271337983376241 0.00163988760513645 0.0125009098483371 0.00730085914482559 0.00253149371209016 0.00400431429901027 0.00260561831952488 0.00549772420468186 0.0108903307916839
1987-03-31 0.0476961714249913 0.0160095684081647 0.0336925238938381 0.0237444737603805 0.0340298237589283 0.0401112829295285 0.0339975995857638 0.0245253614324736 0.0289091972563105
1987-04-30 0.0269781471599961 -0.0245966561235192 0.000871929368312818 -0.0136298849424927 0.0033243123891431 0.0139112013137079 0.00324865364748805 0.00146720023529112 -0.000175706066698367
1987-05-31 0.0137856911456011 0.00109786583425908 0.00797308818430742 0.00625843458691988 0.00824822285163673 0.0103924255131527 0.00826406744002517 0.00239060236055488 0.00283884606225793
1987-06-30 0.014715372277051 0.0128420696592215 0.0225420546788149 0.0204713872375406 0.0143668421496885 0.0148530737427657 0.0144176743874360 0.00981788308983855 0.0124485595849255
1987-07-31 0.0223071663283831 0.00170577814271611 0.0231646628755231 0.00528927926027389 0.0156923462973011 0.0184784605375445 0.0157197266646090 0.0157217572289206 0.0221280168253157
1987-08-31 0.0201837126600797 -0.000468714177620511 0.0184821914426816 0.0112712539463986 0.012039505210375 0.0155877518935741 0.0119888909362418 0.0255669349224077 0.0212007570549690
1987-09-30 -0.0134545737300507 -0.0219064805965651 -0.0189433929377701 -0.020763689471446 -0.0169483170841307 -0.0158624664422913 -0.0169074933159297 -0.0210302793719838 -0.0147612521668751
1987-10-31 -0.0918841075205802 -0.0150632662759618 -0.100202404657714 -0.0522370208659955 -0.0668378566511708 -0.0770867791004457 -0.0669204671806941 -0.118045059482427 -0.0965830934189863
1987-11-30 -0.00316472422339986 0.0385541039278325 -0.00787827175012756 0.0259195696246544 0.0101446282083069 0.0049428049024447 0.0101264830685224 -0.00713853215883065 -0.0049313443559984
1987-12-31 0.0169501888335475 0.0135379289438242 0.0285677771130335 0.0186909034829517 0.016710555395945 0.0174818120865758 0.0167114682044844 0.0356808720962423 0.0196955376957770
1988-01-31 0.0215837084209169 0.00535338152314169 0.0167792183503250 0.008046207647038 0.0102556064880979 0.0171495902033678 0.0102629314334028 0.00493635757429445 0.0225609288537683
1988-02-29 0.0356215801811091 0.0399905969849648 0.0320634198623320 0.0375424782370677 0.0398548903378533 0.0353471513496952 0.0398134505663668 0.0512170917701664 0.0325829403702123
1988-03-31 0.0156209535762932 0.000715646909109191 0.0138693410630648 0.00523715215765108 0.00302483436645762 0.0116805324836033 0.00310625808006915 0.00921342726183294 0.0190193069729114
1988-04-30 0.013890219509606 0.0071872350537725 0.0139143153397221 0.00977234275604388 0.0104824995135537 0.0126992595868514 0.0104982432247616 0.0109179362362481 0.0175917160527768
1988-05-31 -0.000764380671126719 -0.00480330517433569 0.00246332603917820 -0.00176114718639564 -0.00183646053910880 0.000553318462792607 -0.00182261421457142 -0.0080815910995582 0.00506246277006062
1988-06-30 0.00276232608073324 0.0097679418753509 -0.00168785298626706 0.00542010368551238 0.00649548248906506 0.00278247119002062 0.00647284548769034 -0.00290315314749900 -0.0054775417243319
1988-07-31 0.00817777503873773 0.00292719875521796 0.0061031191244012 0.00425597593645244 0.00513665944906561 0.00598684786080494 0.00512858092616075 0.0118423205415634 0.0088226649755303
1988-08-31 -0.0285901133563553 -0.00798162005608283 -0.0168791492745921 -0.0116787381748893 -0.0166085888006854 -0.0191237372605709 -0.0165935892671414 -0.0261356633288828 -0.0274146663163901
1988-09-30 0.0188316380106237 0.0120193679113159 0.00868706283225151 0.0102327738191685 0.0136883445878029 0.0129467763449909 0.013675264321916 0.0141098673308204 0.0106020426140314
1988-10-31 0.0426388986475594 0.0269590563404523 0.0374032309865810 0.0314986263976145 0.0339803352963153 0.0372260241160802 0.0340749869086727 0.0440872937411776 0.049026479720407
1988-11-30 0.0217780742343072 0.00567447140097777 0.0217274118274926 0.0126874581924157 0.0138695307339856 0.0186505056642166 0.0140040153160474 0.0255894296676107 0.0358797198971172
1988-12-31 0.0232383535808285 0.0165785326497077 0.0284836589053683 0.0220977005173495 0.0213613347283288 0.0247310298133014 0.0213943670942058 0.0174426135438674 0.0367146363312509
1989-01-31 0.0263984410328337 0.0138502287079598 0.0166709446910762 0.0151086633651074 0.0190004083919519 0.0198492482116868 0.0189986811146778 0.0121061592359173 0.0215647816725530
1989-02-28 0.00289193394276688 0.00359255811289305 0.0103638190349469 0.00690982439822685 0.00490098876789746 0.00657322064810995 0.00489846166094288 0.0130127509798288 0.0101490369613493
1989-03-31 0.0179232555893616 0.0167614109523211 0.0254612482753707 0.0208270360301279 0.0199252017703051 0.0219351841595523 0.0198885025363515 0.0191486969054038 0.0262891526645832
1989-04-30 0.0271293111867144 0.0215880990136625 0.0257932337198541 0.0235479873913080 0.0246789779009164 0.0256896735529264 0.0246801259079814 0.0222481372321002 0.0271175854668180
1989-05-31 -0.00077447535559716 0.0156001043313467 0.00390160716914223 0.00938960231121544 0.00758999502708613 0.00417373747080174 0.00762416486665374 -0.00775143825006552 -0.000715157063645444
1989-06-30 0.0107512558306775 0.0292314722587053 0.0229580998409387 0.0259610390207223 0.0220780714842823 0.0201086218740849 0.0220949221088911 0.0219979247498421 0.0173179970866497
1989-07-31 0.0460946133805848 0.0114959298293378 0.0157465530335708 0.0141772645214875 0.0224301606577160 0.0247366008310932 0.0223473350655126 0.0103263971056760 0.0262660975046032
1989-08-31 -0.00357787619451255 -0.0058228159615672 0.00487754115614014 -0.000435543482327660 -0.00237983957249888 0.000243598825597102 -0.00236648280655494 0.00842404979136746 0.00201868275727035
1989-09-30 0.0247949701001962 0.0153587922524057 0.0265524524275473 0.0201281984109194 0.0216174342626587 0.0251549328299487 0.0216284467230743 0.0280354898712472 0.0274849356012974
1989-10-31 -0.0122182792783502 0.0141957556165160 0.000490729770356468 0.0077895511982573 0.00208546747313298 -0.00167206335857339 0.00208001718050843 -0.00409258129354928 -0.00760736533460626
1989-11-30 0.0230267431024485 0.0114095962420391 0.0158933272027562 0.0131628387514726 0.0164169807190830 0.0177912443211647 0.0164148097968992 0.0171712902068484 0.0199684182429927
1989-12-31 0.0361766568223234 0.0214095459721058 0.0390330023579530 0.0295836758656758 0.0316925556031071 0.0359761159455825 0.0317163197471046 0.0464516276723037 0.0428577110534802
1990-01-31 -0.0317608856654528 -0.0130186779998130 -0.0196623333405397 -0.0162710513805481 -0.0191436680008221 -0.0216570982593935 -0.0191363156541281 -0.0181701801902576 -0.0234630661428809
1990-02-28 -0.0155299200735782 0.00125919274329833 -0.00222604372967616 2.86700531899609e-05 -0.00466184578280671 -0.00725063857643538 -0.00474544097482543 -0.0032379161577375 -0.00912307935241274
1990-03-31 -0.0185685274081624 0.00264970233351858 0.00121831068636569 0.00211895821415098 -0.00441811764049194 -0.00684874192674378 -0.00454588747771989 0.000533078152431088 -0.00856312649492275
1990-04-30 -0.0132656892300539 -0.00978260768724404 -0.0124657140795231 -0.0113279293980426 -0.0112751933606081 -0.0119272512330292 -0.0112893138966594 -0.0101671783325914 -0.0112824772685466
1990-05-31 0.0527554817594749 0.0198714974466931 0.0260363637685193 0.0235318926233890 0.0310237384162992 0.0339123321671391 0.0312059341366557 0.0198934408782818 0.0310300668528882
1990-06-30 -0.00393575497442089 0.0076921692725207 -0.00136664486692517 0.00406869603884896 0.00223606279658584 -0.00099783253327379 0.00219091201156552 0.00615203943658327 0.00222857730690484
1990-07-31 0.0253787359647824 0.0291448469659989 0.0365930721314494 0.0311201977302682 0.0297382774054158 0.0323890860467952 0.0297498204459019 0.0344034248472396 0.0310412065666466
1990-08-31 -0.0165768464819934 0.0253058634966996 0.0342815006836499 0.0249354454071815 0.0145026135104827 0.0172604525087023 0.0144924426606252 0.0349912557771204 0.0240995019271866
1990-09-30 0.0112508396232072 0.057968545308841 0.0746309084853507 0.0604931464448835 0.0474613855581318 0.0520445488997101 0.0474615965157097 0.0755282626440335 0.0647778553793847
1990-10-31 0.0200377053493361 -0.000278890248436525 -0.0188068991310130 -0.00534330365549396 0.00313506317470535 0.00126494434723878 0.00312669770365792 -0.000278952571224123 0.0031463815958781
1990-11-30 -0.0133944352703379 0.00699054106916552 -0.000837661372300458 0.006384471895168 0.00024022704745863 -0.00950758688626352 0.000252271619394895 0.00699054211301364 0.000240358429529186
1990-12-31 0.0112592703766095 0.0109901388895086 0.00736361228664695 0.0105010582321696 0.0106203401633229 0.00851458183930864 0.0106214167708560 0.0109901356143944 0.0106207662564772
1991-01-31 -0.00468060466799625 0.000227787181203087 -0.00730748224437583 -0.00232808078814328 -0.000652825157543724 -0.00688534703115096 -0.00076502384565924 0.000227360004330324 -0.000722575135817305
1991-02-28 0.0475410491303749 0.0098978211576568 0.0303094550714871 0.0153156429799992 0.0213866394196927 0.0351160567542970 0.0214942212330627 0.00989803239986764 0.0215173985829666
1991-03-31 -0.00150716805967244 0.00986052946733373 0.0195988584945068 0.0126013195432984 0.00772400833304543 0.00672477004351157 0.00758110091518271 0.00986070736607192 0.00753294447224029
1991-04-30 0.0115366937984285 0.0123690892554131 0.0115113093496009 0.0121656346860899 0.0120459615726027 0.0120171208515376 0.0120449249039278 0.0123082994547747 0.0120465528956104
1991-05-31 0.0143045560529982 0.00683426459301684 0.0153769897499147 0.00908731987646427 0.00938897014368711 0.0125388233360588 0.00939291779784623 0.0073488779933315 0.0093873388328305
1991-06-30 -0.0381524780476052 -0.00542117699652 -0.0236092298082019 -0.00998378810796874 -0.0151793306487035 -0.0279029400275815 -0.0151987880128668 -0.00641180951767217 -0.0151692830539301
1991-07-31 0.0384563281170949 0.0209994789254049 0.0338127040014382 0.0246486699379469 0.0267463731787008 0.0338017078930100 0.0267651295690017 0.0209993186937667 0.0267237776088998
1991-08-31 0.00965689026357652 0.0200931147523074 0.0182290401021172 0.0199409337952956 0.0171569027150793 0.0143371792733296 0.0171159787701500 0.0200931077716562 0.0171743387562433
1991-09-30 0.0157231053002984 0.0167123559577389 0.00893964547940751 0.0136329022640387 0.0158333975817901 0.0142693713010633 0.0158772834441618 0.016712540207394 0.0158241381335529
1991-10-31 0.0165540812313727 0.0140389839429984 0.0180221379122394 0.0149322575857895 0.0150629837000174 0.0171399514159252 0.0150776818907812 0.0140389852014076 0.0150783812685154
1991-11-30 -0.0310367659259411 -0.00183103527644624 -0.0220467952031072 -0.00740643503199456 -0.0108392343656837 -0.0226368526594005 -0.0109251347617920 -0.00183092699473109 -0.0108879246330652
1991-12-31 0.0259568280057616 0.0120876615583365 0.00204127277289512 0.0122590699553478 0.0138617072190090 0.00890752591871569 0.0139004281021786 0.0120874370532991 0.0138229013778419
1992-01-31 -0.00686766988032983 -0.00842455628937655 -0.00130833637918371 -0.00688376924189726 -0.00765932668473723 -0.00404059009944546 -0.00764459634688852 -0.008424566161635 -0.00761970290856562
1992-02-29 -0.00736874152993316 0.00348802258427194 -0.00145364723675867 0.00309894643404962 0.000548754346382463 -0.00424990566622674 0.000573219980630979 0.0034880523500016 0.000634688684323814
1992-03-31 -0.0201897772142793 -0.00291678881577007 -0.00600735204390923 -0.00335940307891114 -0.00740168125009333 -0.0117751327290666 -0.00736609577349034 -0.00291686176898220 -0.00724684685912425
1992-04-30 0.0175876044477818 0.0122769698782248 0.0195021975286751 0.0148164020320676 0.0144478220135800 0.0172664454674369 0.0144329856820411 0.0122770087046733 0.0143798787153042
1992-05-31 0.0279059102385846 0.0193488977192247 0.0205166871751523 0.0187097847733397 0.0219609729301014 0.0245224014206908 0.022043031272315 0.0193488776464175 0.0221307782293250
1992-06-30 -0.0142843354676618 0.00963161917492639 -0.00130319612421126 0.00651968324945251 0.00176004225680360 -0.00531995244956374 0.00168245437259928 0.00963156682266875 0.00170410024717693
1992-07-31 0.00473226976985641 0.0140742362609336 0.00889456040517356 0.0138891159399535 0.0112176134690827 0.00609605037813421 0.0111814831202395 0.0140741746437472 0.0111176977599958
1992-08-31 0.0119924642530673 0.00834508160902248 0.00230658773896697 0.00568332464693855 0.00910524714193062 0.00896910219374103 0.00918129801288514 0.00834514242274476 0.00920863383286141
1992-09-30 0.00369203553336628 0.0119454235821985 0.0108881990961078 0.0118789058170448 0.00964803637040634 0.00749462341854223 0.0096129234260689 0.0119454240831220 0.00960568692354569
1992-10-31 -0.0217365041556014 -0.0142374101501622 -0.0152452153893707 -0.0135706111081206 -0.016243617884542 -0.0189511112771481 -0.0162115787755612 -0.0142373847126239 -0.0160993704542040
1992-11-30 0.00748756220158975 -0.00168057362548868 0.00123353007991378 0.000151143459019787 0.000925635785954393 0.00239769786334953 0.000956163672248378 -0.00168050621350913 0.000955494261639656
1992-12-31 0.00887792554103362 0.0130276517435435 0.00941047031437647 0.0121766411125723 0.0117501314846606 0.00950434325041849 0.0117455332120384 0.0130276145248285 0.0117650681333457
1993-01-31 0.00981481795951122 0.0173242766427710 0.0135312435700854 0.0162416078305376 0.0148918047388777 0.0124366786147987 0.014893728372535 0.0173241585093784 0.0148808557092162
1993-02-28 0.0178341207813857 0.0158808153186651 0.0147779149200209 0.0153678958039809 0.0164509587436457 0.0165250637531396 0.0164374334655013 0.0158807822162088 0.0164385977398585
1993-03-31 0.0315632027422368 0.00791792629610288 0.0166318481040124 0.0098057903859603 0.0154861685267573 0.0226701018363367 0.0154483792065374 0.0079180937338581 0.0154779096009001
1993-04-30 0.014637087425166 0.00323214758151757 0.00144836288913686 0.000215682374235637 0.00651677942326434 0.00851486523293432 0.00670587513945642 0.00323237861402959 0.00672096615252538
1993-05-31 0.00507759268202701 -0.00360899673710646 -0.00474450611537658 -0.00332962195917874 -0.00115996461197299 -0.000973036287984952 -0.00109571678298837 -0.00360917711809006 -0.00107427673977867
1993-06-30 -0.00665358065321986 0.0092948615028241 -0.00514394243253191 0.00587905482575546 0.00404917076803879 -0.00411982775100872 0.00399293220332697 0.00929496827759668 0.00402433593975982
1993-07-31 0.00673680281338473 0.00351162583942766 0.000723660635570056 0.00213830010716665 0.0042129691627546 0.00405034979252505 0.00425281709983505 0.00351165058404512 0.00417070707907774
1993-08-31 0.0286810455703888 0.0168789802617493 0.0201127480010239 0.0177355179866523 0.0201920890697835 0.0232203711073804 0.0202199442829933 0.0168790399686898 0.0201139387662457
1993-09-30 -0.00638508816151873 0.00328545590998841 -0.000678434192342814 0.00237054201269937 0.000521763199108571 -0.00265251408986023 0.000506183479661138 0.00328543927471125 0.00058171147029884
1993-10-31 0.00429283480328602 -0.00173435554190426 -0.00626803916689578 -0.00255911316887936 -0.000122341346349808 -0.00173127006357543 -0.000154356995527793 -0.00173427403587878 -0.000144604567168471
1993-11-30 -0.041741643514857 -0.0148185297439684 -0.0328639122529528 -0.0181048040685867 -0.0229143855246626 -0.0348312109794916 -0.0228549722801283 -0.0148184768162477 -0.0229121518982514
1993-12-31 0.0163621068610385 0.00224041824842525 0.00359048659646333 0.00212319766296609 0.00622306511175519 0.00865709920161883 0.00616167546733837 0.00224045974023568 0.00620796275062774
1994-01-31 0.0498523585583301 0.0197568292439234 0.0389654553216132 0.0253574404382355 0.0284724513601502 0.0424608752531168 0.0285760684259604 0.0197569761861964 0.0284012720366511
1994-02-28 -0.0176617830270325 -0.0190813945864194 -0.0219603816104988 -0.0200647982336011 -0.018977439089938 -0.0190196591512015 -0.0189830951486908 -0.0190813729700455 -0.0190578831782563
1994-03-31 -0.0314458874241359 -0.0226252811346394 -0.0259558760700759 -0.0236138203503458 -0.0253279337006536 -0.0278229761124148 -0.0253458987700241 -0.0226251563120514 -0.0252967825666526
1994-04-30 0.0175293116222663 -0.0034314716010625 0.00948858185412127 0.00107151989698218 0.00478991373199955 0.0116419071165756 0.00479334254735919 -0.00343152440115546 0.00480219896155387
1994-05-31 0.00634608175913476 0.00282395019086357 0.00868628389233694 0.00533309091390155 0.00439768886162129 0.00630125783091606 0.00441309013376068 0.00282391095049994 0.00442556015740325
1994-06-30 0.00289969127812362 0.00118254216634561 0.00322498050906761 0.00114587324164739 0.00168526650394196 0.0034964346640165 0.00167102785524897 0.00118260016640592 0.00166856952319105
1994-07-31 0.0190749073226342 0.0182244852809705 0.0194679299160172 0.0190937126269064 0.0185797146247801 0.0186852982345800 0.0185439639958074 0.0164469717937143 0.0187469523107340
1994-08-31 -0.00184068650296887 -0.0118951134961878 -0.0207482109017210 -0.0136028602253867 -0.0085000571329339 -0.0110680741041512 -0.0083504835896261 0.00357740266500350 0.00676449216171227
1994-09-30 -0.0205888313078482 -0.0138493336601112 -0.0150498542053596 -0.0145662193672574 -0.0166035898423725 -0.0174072797120093 -0.0166596287465914 -0.0172634367359736 -0.0184900824150487
1994-10-31 0.0145048936824508 0.000878488680710499 0.00885577095154533 0.00384511923390241 0.00745879381552683 0.0105445111219926 0.00750240474501673 0.00266030736248224 0.00782769634581704
1994-11-30 -0.0312354423482918 -0.00771932599976122 -0.0236886843609924 -0.0143155353927016 -0.0191265695597364 -0.0250483127972390 -0.0191952780755511 -0.00859383175368711 -0.0186503383434885
1994-12-31 0.0152327123752050 0.0104690020054690 0.0159791165783303 0.0132238548113339 0.0127973704855315 0.0145415927748995 0.0128026208127765 0.00862281742512017 0.0117383849424888
1995-01-31 -0.00516754016570908 0.0122744024655683 0.00437902159933268 0.00904522380517792 0.00429670524227177 -4.20319020951743e-05 0.00428508838517527 0.0145533974813306 0.00635729613487435
1995-02-28 0.0167778715073603 0.0207489710947233 0.0210147872008113 0.0211265128471998 0.0192009577953751 0.0182130100336590 0.0191906945552731 0.0215066603168523 0.0199046088780528
1995-03-31 0.0264666152175386 0.00827467915403068 0.0148263800416251 0.0112666145865010 0.0163939641809268 0.0195639944835473 0.0164107161351150 0.00960638649615153 0.0169222739363666
1995-04-30 0.0270169162953351 0.0167899965755882 0.0228882173766034 0.0197671570833988 0.0219223113797704 0.0238543676001015 0.0219234836631732 0.0165200230025422 0.0215389500351382
1995-05-31 0.0139193178320276 0.0294947130808099 0.0216798189715817 0.02558838613071 0.0218487259052491 0.0185193206983609 0.0218418441738237 0.0321125154822366 0.0234054274133608
1995-06-30 -0.00106660431333727 0.00341414975780663 0.00253138881501047 0.00290860254915559 0.00141284380579321 0.000280429047901265 0.00140771862847489 0.00544075240099295 0.00237880536871593
1995-07-31 0.0285551061089231 0.00524195303902419 0.0161285534678315 0.0108413229103910 0.0169811596153331 0.0199481586914476 0.0170744927777942 0.00524386815330047 0.0169398215562648
1995-08-31 -0.00153737917636410 0.0128974654513754 0.0123198439678520 0.0127150975240662 0.00646004609616035 0.00556812255526551 0.00640562758776353 0.0128897924808526 0.00639020586940475
1995-09-30 0.0184113827572814 0.0101802451463988 0.0157678777427883 0.0128405764451798 0.0145290415436841 0.0155387249761101 0.0145832436417805 0.0101950606587033 0.0146612074195189
1995-10-31 -0.00180110889446494 0.012053439144464 0.00764539682426713 0.0100534724892509 0.00600847570120733 0.00420274106554275 0.00595451025657634 0.0111318076060536 0.00565540789693619
1995-11-30 0.0274418477593996 0.0181017154318346 0.0259036724608086 0.0217307603862789 0.0230510011894751 0.0249829574109164 0.0230498092263516 0.0193558675467571 0.0229019129316257
1995-12-31 0.0411747367396629 0.0281286918302197 0.0403182729491876 0.0350786878889289 0.0350575576955701 0.0389702327579757 0.0350939260870051 0.0257868343521774 0.032586778585334
1996-01-31 0.0105767849212755 0.00612813075498009 0.0129931545969377 0.0089178204573721 0.00972441075762753 0.0107717375145286 0.00978026399748089 0.0106820286101181 0.0104538297295678
1996-02-29 0.00830678828634146 -0.00836490045214622 0.00631827604992408 -0.000151817945834742 0.00106988276627251 0.00465110122953094 0.00113455443617072 -0.00349989075981549 0.00130203710343513
1996-03-31 0.021520919107455 0.00469973722426675 0.0175052962425659 0.0125137437299798 0.0135906404154016 0.0170840232525784 0.0136321921967846 0.00764700963877418 0.0133226046697543
1996-04-30 0.0229664160914964 0.00731097547912984 0.0148975075573488 0.0124574781261477 0.0152209037726525 0.0162979462756017 0.0150895214956024 0.0117843152268293 0.0169180643967262
1996-05-31 -0.000926297594675218 0.00134606600317499 0.00727500366966938 0.00413303317021008 0.00207339644309545 0.00241150326759931 0.00202450602991222 0.00570052110746766 0.00261288416682359
1996-06-30 0.0149206847242083 0.0150797502485081 0.0143114142691683 0.0152942473087563 0.0143912193079323 0.0144066974019217 0.0143977490239082 0.0141222817159379 0.0144149943960967
1996-07-31 -0.0306458489158297 -0.0210123329823736 -0.0271620195539789 -0.0249027067910934 -0.0259617048631058 -0.025937644590148 -0.0259314231981885 -0.0233761646163669 -0.0260836359120908
1996-08-31 0.0129096513242080 0.0104300352620712 0.0135123633493648 0.0123252974297881 0.0119240329219119 0.0119130970613914 0.0118827141903834 0.0115384483387508 0.0119630645756890
1996-09-30 0.0325390138593302 0.0309016078418223 0.0347310602957509 0.0334445803444037 0.0325916710074776 0.0325740588539385 0.0325441901439139 0.0325471856206052 0.0326482914473123
1996-10-31 0.00896145206776522 0.0183816552392417 0.0178934901493526 0.0171633958101693 0.0147063529224807 0.0135224042439230 0.0146527362351834 0.0185014499901166 0.0129291392474711
1996-11-30 0.0506206298058787 0.0287143704856867 0.0503959461102637 0.0389671807443326 0.0411040824974647 0.04603449327479 0.0411063640122225 0.0449877615570671 0.0482678289357379
1996-12-31 -0.00811647432146179 -0.00690016652612213 -0.00886722623743186 -0.00679075284436448 -0.00822276717117698 -0.00839441212782022 -0.0082275089968482 -0.00889759889612785 -0.00844336627479902
1997-01-31 0.00266749997893934 0.00195359849081123 0.0186053794493164 0.0076884975286653 0.00551409153885141 0.00675918197071002 0.00548769472883515 0.0167396639310411 0.0074525904880125
1997-02-28 -0.0117630055325417 -0.00716502925298945 -0.0112598088736471 -0.0123398739405697 -0.0079263884472831 -0.0095758804641728 -0.00791639021980772 -0.00964947366442659 -0.0104191888744214
1997-03-31 -0.00935195149541934 -0.00802164157496343 -0.0173532140863787 -0.0105120778188822 -0.0108712694427044 -0.0115690119561621 -0.0108613318561855 -0.0163912995420262 -0.0119561682640615
1997-04-30 0.0248673140253359 0.016042548137134 0.0307871182100161 0.0226099497551382 0.0225857508681750 0.0250598071784749 0.0225678268198146 0.0282721808671167 0.0259777110738906
1997-05-31 0.033754287700867 0.00901594103754544 0.0301701870718536 0.0161032400009666 0.0244888502531833 0.0297058705523519 0.0245066929935205 0.0235230657964154 0.0315614423554145
1997-06-30 0.0134963646934048 0.00612742129284594 0.0154389044554104 0.00498614726942059 0.0133895642188540 0.0148924462143507 0.0134091234213933 0.0140346238690146 0.0153560838645159
1997-07-31 0.0388832880048446 0.0285034176180561 0.0435047956830659 0.0355927001278946 0.0355507131479265 0.038276723105896 0.0356938662553816 0.0433495045282646 0.0407309898575001
1997-08-31 -0.0310374972984258 -0.00467790944974111 -0.0165858407915748 -0.00854008848576748 -0.0191083168760366 -0.0227067182756348 -0.0191249868904677 -0.020488072192973 -0.0260748235921390
1997-09-30 0.0356754118711389 0.0165954654899421 0.0293477332412855 0.022220917529133 0.0270794453156757 0.03057194160733 0.0271499991659676 0.0280650746095501 0.0338531308543408
1997-10-31 -0.019022628240701 0.0164239417400318 0.00550128153696061 0.0114513438676032 7.68367979311346e-05 -0.00502846651514033 -0.000128854404328083 0.00305633341045120 -0.00882793614386834
1997-11-30 -0.01906466368534 -0.0124762908559236 -0.0241211159566883 -0.0190368035052098 -0.0164176426125917 -0.0204415814079614 -0.0164502987690693 -0.00790981918041733 -0.0238295309779527
1997-12-31 -0.00801580759109333 -0.000649770626254709 -0.0135655048937674 -0.00737314805658185 -0.0054802212441829 -0.00899252258394534 -0.00549620518809146 -0.00289615697326151 -0.0118999262281342
1998-01-31 0.0128654435562057 0.0116053814189587 0.00786089555253411 0.00852142261009181 0.0121192772308660 0.0120271669549825 0.0121048692214454 0.0117605671767502 0.0121032519615225
1998-02-28 0.0150454031950285 -0.00383952298059209 0.0163411049024327 -0.00116912747992282 0.00834610959176696 0.0146071240500005 0.00832324587245625 0.00204624176051427 0.00832963202599002
1998-03-31 0.0206443438660493 0.00338106654758419 0.0220423855052647 0.00911502788694296 0.0135026152524935 0.0190837357429234 0.0135032661947652 0.00711066351789391 0.0135091068372004
1998-04-30 -0.00128867500292151 0.00312491961690387 0.000545856978404924 0.000348125355734918 0.00137671574020404 0.00025637907131415 0.00137930773511319 0.00456083809036789 0.00296086611686142
1998-05-31 -0.0151730259521978 0.00681624340501585 -0.0123905446725714 -0.00337221260868081 -0.00449556627982117 -0.0105825973849053 -0.00451910712443104 0.0039573984224226 -0.00213704758931399
1998-06-30 0.00541475578740092 0.00647382339317892 0.0124933287700011 0.00633547661923961 0.00762923457245313 0.00799455991024955 0.00765193950487975 0.0117441792072224 0.00974346821334904
1998-07-31 -0.0209196093059318 -0.00169914702838680 -0.0187144599697286 -0.0127453625769043 -0.0109007564162652 -0.0164183770388997 -0.0108958946005906 -2.45524688639032e-05 -0.0108634339022490
1998-08-31 -0.0896875125482535 0.0126853943813421 -0.0723857089091484 -0.0202216022786831 -0.0410045902512315 -0.0699501191051475 -0.0410318538062173 0.0080502538054168 -0.0410477352679497
1998-09-30 0.0351043219759040 0.0255513925825146 0.0438183616258914 0.034668431688587 0.0309107071499446 0.0348604293999497 0.0309088653314398 0.0251777028471474 0.0308822184479878
1998-10-31 0.0290725021863549 -0.00509241902317403 0.0126593422176504 -0.00378157328037609 0.00671252035504755 0.0185217250227545 0.0069247872364302 -0.00509238467876849 0.0069216111948498
1998-11-30 -0.00290579213125053 0.00245403513390441 -0.0101128920109878 -0.00972442955251451 -0.00141971192487800 -0.00567312758233851 -0.00125920132645052 0.00245413998835153 -0.00126172794492829
1998-12-31 0.0231855885596783 0.00343879244401202 0.0187539440698075 0.00402801996934632 0.0108826370131787 0.0185037127263050 0.0110632674734357 0.00343880583566647 0.0110624706652873
1999-01-31 0.0121863394503379 0.00699769617291612 0.0189462682688106 0.00973907288349474 0.0100703232876516 0.0130747702614396 0.0100807783395653 0.00699769617292567 0.0100564603276481
1999-02-28 -0.0310060810993963 -0.0195179357972189 -0.0286330829571327 -0.0232366949116308 -0.0241108632606684 -0.0283581937220967 -0.0241317442473615 -0.0195179357967059 -0.0241365752791595
1999-03-31 0.0566786374129427 0.00642736975505231 0.0393404689440491 0.0216218767240905 0.0255437267688057 0.0432487385761513 0.0256339977065427 0.00642736975263358 0.0256777458284396
1999-04-30 0.0299282466201052 0.00465002450691765 0.0244081912440288 0.0144841026868765 0.0175985662689466 0.0245805180558221 0.0176813008467613 0.00465013967651284 0.0176449033059907
1999-05-31 -0.0366520170465631 -0.0111031245843113 -0.0275831769519916 -0.0210820244710579 -0.0235496943898864 -0.0301666038927808 -0.0236338590919195 -0.0111032787618091 -0.023597260736294
1999-06-30 0.036709015348142 -0.00236959789279323 0.0290666654111429 0.0124471654820490 0.0177321894457048 0.0284849773504816 0.0178231664433024 -0.00236942466590839 0.0177601960560170
1999-07-31 0.00702930757155551 -0.00262752168005020 -0.00707035825779467 -0.00305658177325907 -0.000227691423904552 0.00113302288169148 -0.00019926634133971 -0.00636066985908113 -0.000283708179990461
1999-08-31 0.0166312314623536 0.000600789125885015 0.00562124801089814 0.00410511661403223 0.00656240508575912 0.00971636616906846 0.00654944858966822 -0.000686491581062043 0.00655169210282303
1999-09-30 0.0122215416153981 0.0116499378594841 0.000872041145245195 0.00755110155290306 0.00901767045471003 0.00774325030310274 0.00897943270064538 0.00721540994884995 0.00893498887937927
1999-10-31 0.0111170372230627 0.00235512598616583 0.0188010095037885 0.00706721942239263 0.0100877604828611 0.0139210965880836 0.0101022413321001 0.0170151167491213 0.0191538197354419
1999-11-30 0.0229660393728441 0.00153941502188304 0.0167554875257807 0.00971710078116939 0.0120898305595374 0.0177908569225651 0.0120984964083857 0.00516270940691554 0.00991501401485606
1999-12-31 0.0444128931528796 -0.00171084751733019 0.0355274587142242 0.0172583476704840 0.0227921612925814 0.0356552859596193 0.0228182696382322 0.0112355280400798 0.0231259258453216
2000-01-31 -0.013942719165829 -0.00590726864533564 -0.0202845306863845 -0.0179149026814964 -0.0117513887125622 -0.0157418820073033 -0.0119691580245911 -0.0252883618271436 -0.0172900077915114
2000-02-29 0.0205534274736168 0.0130825103329757 0.0116381892480535 0.0126971043737334 0.0149277328991055 0.0160598728730805 0.0148351176893049 0.00399478631450356 0.0164468330935381
2000-03-31 0.0295643364871927 0.0146247052931174 0.0352732979793531 0.0242049149411716 0.0245751354588397 0.0298807626372251 0.0247779704438518 0.0383945596355706 0.0316807788487650
2000-04-30 -0.0248482298434421 -0.00489939091200486 -0.0182344793332766 -0.0123393684894241 -0.0146726553828403 -0.0203667278272186 -0.0146923340204069 -0.0158638624452947 -0.0234917610745503
2000-05-31 0.0143230108686965 0.00166163279574905 0.0098780685008315 0.00491256434352505 0.0061270587547646 0.0100486047660333 0.00627363643209589 -0.00554811509168129 0.0122311447612009
2000-06-30 0.0379258103916573 0.0213242459054042 0.0321436044638843 0.0267990760645307 0.0286139499912605 0.0334947239918242 0.0286935536905606 0.0234521721197674 0.0361869662752787
2000-07-31 -0.0334297054384652 0.00577214612739119 -0.0217172752450018 -0.0088868159489216 -0.0120747266234676 -0.0240407499800255 -0.0122429947439071 -0.0197479691765275 -0.0312056256772105
2000-08-31 0.0524027140314496 0.0177891516495896 0.0501259283591313 0.0334371500476260 0.0335906469453175 0.0453211541889713 0.0337519594124953 0.0548047489946084 0.0525003439975409
2000-09-30 -0.0283558790643029 0.00545093953891551 -0.0222644492996673 -0.00500452311781208 -0.0116072152572558 -0.0218135204642135 -0.0117424627257343 -0.023529257355429 -0.0278463764493989
2000-10-31 -0.00478923943741782 0.00675797988619053 -0.00174461352884880 0.00245660493746103 0.00118890287014173 -0.00267491326516889 0.00118706568983828 0.00239184836528472 0.00272351500214119
2000-11-30 -0.00541583783370214 0.0177162712925607 -0.0167529986464973 0.006142957697024 0.00250494879918861 -0.00760859929575441 0.00250953117995056 -0.00898015343570346 -0.00126244105078344
2000-12-31 0.00832060046709837 0.0179603098514856 0.0109355726901916 0.0153534585899318 0.0144477790423920 0.0114716215030055 0.0144542281361584 0.00832966858629347 0.00718849229604124
2001-01-31 -0.00193762407277032 0.012696679458303 0.00501865778028288 0.00508529980707717 0.00781024465286384 0.00259087076505926 0.00778014998199605 0.00510602040518582 0.00856377886739601
2001-02-28 -0.0472863312051305 0.00858250198100707 -0.0384975046361843 -0.00151477572839709 -0.0158086358673182 -0.0369720396344886 -0.0158537456786988 0.00622444537660582 -0.0112243943551377
2001-03-31 -0.0421596393388329 0.00445902425354627 -0.0321592105631537 -0.0057344447436225 -0.0145935873997499 -0.0323094616278491 -0.0146379008849853 -0.000138753952086068 -0.0106822955126640
2001-04-30 0.045824947678379 -0.00402124944221127 0.0347084620819429 0.00698817270851126 0.0146806798534944 0.0352101254923149 0.0147112514495347 -0.00402113735496068 0.0148114547183986
2001-05-31 -0.0133551765873972 0.0050611689173834 -0.00619700965480696 -0.00195616859004089 -0.00190528328263284 -0.00963756385305636 -0.00195907351314506 0.00506109496382812 -0.00199500028492972
2001-06-30 -0.0354730759665599 0.00155686206601757 -0.0299378339266113 -0.0103101716255520 -0.0127217075141133 -0.0289832929679950 -0.0127672067357147 0.00155669683202064 -0.012824745348899
2001-07-31 -0.000868513290341433 0.0220973839078031 0.00621772283676436 0.0168975143397374 0.0133436671528298 0.00431064118407787 0.0133804756364664 0.0220973882553359 0.0133989694067975
2001-08-31 -0.017859605540404 0.0102952057365093 -0.0117968395167974 0.00759203678810416 -0.000353786794084709 -0.0111486900241148 -0.000316535807664664 0.0102952059165347 -0.000216294550478002
2001-09-30 -0.076203768609212 0.0107234178873898 -0.0570456668184124 -0.0123524194949242 -0.0217529449346366 -0.0579417251991379 -0.0216385831008232 0.0107234467999535 -0.0215683705570723
2001-10-31 0.00264082992273251 0.0191707348170336 2.32089544109915e-05 0.0115660715270278 0.0129164652507820 0.00503153429923398 0.0128909714825096 0.0191708371205073 0.0128828183101666
2001-11-30 0.0101891012515334 -0.014649519291403 -0.000452794263380074 -0.0152699410802477 -0.00651409573802264 0.00377217218612369 -0.00652707550458165 -0.0146494639192756 -0.00653301912986892
2001-12-31 -0.000684521953294159 -0.00657738247045159 -0.00315130088640014 -0.00628086412666251 -0.00458336160977457 -0.00212119412315781 -0.00458596289956048 -0.00657737383808266 -0.00458708883089676
2002-01-31 -0.023927803959094 0.00608799973362717 -0.0193097552277959 -0.00495486299884451 -0.00502401319911583 -0.0178003413123997 -0.00501854589453055 0.00608801850436858 -0.00504036426243448
2002-02-28 0.00959855452626113 0.00965902591973133 0.00931059100972176 0.0120958181162432 0.00981644702307372 0.0093359052599129 0.00976986373321065 0.00965904207188895 0.00979751883382018
2002-03-31 0.0471884665873701 -0.016239205793535 0.0323375762071019 0.00358014711128751 0.00718654136714458 0.0334379327822307 0.00714376167211106 -0.0162391800912504 0.00716951687105372
2002-04-30 -0.00676930782779772 0.0184772961918647 0.00323595172358693 0.0168801631801163 0.0102454653860551 -0.00105517485287088 0.0102556123061071 0.0184773216300795 0.0103254988249055
2002-05-31 -0.00779142169795499 0.00663311522602572 -0.00278716876648566 0.00348159501873679 0.00226606732729073 -0.00450553031359235 0.00226216040409333 0.00663312191189513 0.00228383596786674
2002-06-30 -0.0184284918321270 0.0069690231912487 -0.0112479603846357 0.00471214578938328 -0.000604660922216116 -0.0125045018594152 -0.000588787908079147 0.00696910911803661 -0.000536804353313936
2002-07-31 -0.0436728128972408 0.00672657130544518 -0.040691530559185 -0.00467047370828289 -0.0080023438468373 -0.0327944990785096 -0.00807419721943448 0.00672608425411148 -0.00805897572678826
2002-08-31 0.0205922628935757 0.0174947148373963 0.0163109926414404 0.0182723976906192 0.0183942818502454 0.0196299489519653 0.0183889671319188 0.0174946074829474 0.0183759538437311
2002-09-30 -0.0398476649021963 0.0111624251213747 -0.0336972428080016 0.00205237387137069 -0.00359987301486664 -0.0283605341113504 -0.00369817288400398 0.0111619174175008 -0.00369531897398057
2002-10-31 0.01947420197728 -0.00541223315117012 0.000163800375248657 -0.00485251175942547 0.00118264322632977 0.0092098802406979 0.00116597730418344 -0.00541226837582909 0.00112871531499081
2002-11-30 0.0253805283270603 0.000677210629958624 0.0137454382438675 0.00359109958397852 0.00734913954055938 0.0178898987091649 0.00733967435466787 0.000677220312395255 0.00732621801660271
2002-12-31 -0.00345900751442152 0.0216055572677605 0.0171580640551936 0.0214331671084191 0.0147228947964497 0.00707422643170075 0.0147414971932691 0.0216056027688625 0.0147842923765278
2003-01-31 0.00320855662538899 0.0032061419707452 0.0235290310931981 0.00578032918385096 0.00457341848941595 0.0109351892461531 0.00464278418049613 0.00320671462873734 0.00472703580830736
2003-02-28 0.0233485817968524 0.0175953042755070 0.0446797760881412 0.0219747174818159 0.0204361094972962 0.0308108991046494 0.020511260010859 0.0175959750450989 0.0206108583520117
2003-03-31 -0.0515410954894451 -0.0110421283925489 -0.0734611711917053 -0.0246489344738037 -0.0225920942741136 -0.0547753516102912 -0.0226892587986335 -0.0110432445639033 -0.022840809206093
2003-04-30 0.0272714846206563 0.00936880946966046 0.0285897166308904 0.0142010298688955 0.0137463353958183 0.0219727382277763 0.0137573336464820 0.00936807132075557 0.0137136097088648
2003-05-31 0.0528862829864976 0.0216326848700352 0.0472223717478064 0.0282512293066435 0.0292881212364098 0.0466150179544105 0.0292918582910657 0.0216328992651684 0.0293441881327874
2003-06-30 0.00982522446661127 -0.000564571115143742 0.0102676337049765 0.00226818263999107 0.00199697579576341 0.00766316720636184 0.00198429015956236 -0.000564657071141617 0.00198422169925605
2003-07-31 0.00335652378385576 -0.0321453642506433 -0.00242468231293891 -0.0254144350310324 -0.0243623067562108 -0.00401166271421505 -0.0243582085521820 -0.0321453771877569 -0.0243719164327449
2003-08-31 0.0223667127270473 0.00764942650332556 0.0191874973407353 0.0102603337143221 0.0108991113600427 0.0191568449212431 0.0109064956724787 0.00764944181412952 0.0109050317719974
2003-09-30 0.000255801763891395 0.0255724896225589 0.0153174415949553 0.0228645035635870 0.0193336003440994 0.00637612422886358 0.0193063683646417 0.025572418163726 0.0192760490202275
2003-10-31 0.0309631935455528 0.00112856769047842 0.0248513502620598 0.00656678192403404 0.00737445995777675 0.0228579534389453 0.00736744653252308 0.00112853483961084 0.00736470902904629
2003-11-30 0.0146627630593523 0.00640732396054489 0.0145349047011665 0.0081734551901822 0.00784171919102228 0.0125941411121682 0.00784648178853153 0.0064072088906475 0.00784555123147568
2003-12-31 0.0484633969971915 0.0214366170963336 0.0455395774548149 0.0268842758533852 0.0267047773052977 0.0415036911737641 0.0267080977070302 0.0214364292699041 0.0267048944606911
2004-01-31 0.0109838846263282 0.00863706615669413 0.00950148574915377 0.00890016473532351 0.00917823281450625 0.0100200270628799 0.00917910391497134 0.00857862324261904 0.00898556776488069
2004-02-29 0.028894827366551 0.0156650699234857 0.0274137072366123 0.0181078808534199 0.0189649414683908 0.0266739158983631 0.0189627533790748 0.0161852521615424 0.0193387018000817
2004-03-31 0.00465650629250169 0.00818070933188664 0.0096106407678902 0.00821759310503012 0.00672628390442309 0.00623416666820131 0.00672597077301318 0.00830646214895192 0.00744266306263408
2004-04-30 -0.00950529319684423 -0.0231252601877772 -0.0129401337991196 -0.0209119149702601 -0.0191241622769924 -0.0114977818785673 -0.0191175736810244 -0.0177686982509566 -0.0180873365852861
2004-05-31 0.0148148129946475 -0.000406710313623049 0.0102558425777945 0.00195925972699795 0.00398267472847258 0.0121156393543658 0.0039897503058981 0.00457166990155544 0.0046496064094792
2004-06-30 -0.00169888012108588 0.00454730767658140 -0.00167388335379459 0.00325372838291016 0.00189576492061594 -0.00264447386361510 0.00189006490110133 -0.00183753206144643 0.000283751817675926
2004-07-31 0.00359533594176531 0.00971961219076034 0.0123593804872404 0.0096388496853459 0.009563143248974 0.0102896156308965 0.00956654476660224 0.0205843940928319 0.0103802219902556
2004-08-31 -0.00399069605926083 0.0105721579189995 -0.00262289937207749 0.00764751322100321 0.00629664147623044 -0.00183688144743677 0.00630177944308596 0.000428251556708226 -0.00266789668395873
2004-09-30 0.0383030367778485 0.0166706421554659 0.0393780055687143 0.0216078502813499 0.0225504834545467 0.0360229950603894 0.0225428836280004 0.0348399116467322 0.0374203785613973
2004-10-31 0.0240754330337591 0.0145311396662648 0.0202391327646563 0.0166064551234384 0.0161029689795196 0.0216781841001528 0.0161057247971017 0.0169556814392640 0.0203413580948977
2004-11-30 0.0108130545223959 -0.00182291363181109 -0.00883786737231773 0.000685153247190762 -0.00106084138340523 0.00291391407081321 -0.00107056190800137 -0.0101610955465536 0.000746578402562204
2004-12-31 -0.00458694843691498 0.00454565709339505 -0.0208049169292434 0.00291051394070152 0.000326575573782684 -0.00774193225890962 0.000305247540351772 -0.0105247748679819 -0.00453192451489204
2005-01-31 0.00655355416564651 0.00612445006325557 0.0125830708717456 0.00573566777277534 0.00673531665837168 0.00815688446971685 0.0067308647989961 0.00337561960780453 0.00894295410751278
2005-02-28 0.0291435466527568 0.00446713767062001 0.0213623570806671 0.0082464090604295 0.0093488848361054 0.0227636520244447 0.00933565760336386 0.0195957433843323 0.0297731103965673
2005-03-31 0.0072882239708627 -0.00297097574899252 0.0141832459533102 -0.0020114984254207 0.00062139982918219 0.00672157440613441 0.000607330245062654 -0.00336564884318569 0.0098584727277733
2005-04-30 -0.0319442519256816 0.0028306265511886 -0.0258113117070324 -0.00209560717730273 -0.00486150972969313 -0.0224024782510055 -0.00489283222036074 -0.0239652274941901 -0.0319666472104438
2005-05-31 0.00930815429611265 0.00910071805044477 0.0137728764236424 0.00897843378020902 0.0103225024633264 0.0097306195047191 0.0103165760653949 0.00417556722914858 0.0093409287638404
2005-06-30 0.0177609991971359 0.00886419580817543 0.0151125888381223 0.0100512140555247 0.0103627269438626 0.0150374179221511 0.0103770834382655 0.0188493399893168 0.0176927628429726
2005-07-31 0.0270751332600458 -0.000926935715471755 0.0185790825815231 0.00303295635130341 0.00520154068474965 0.0195014523185126 0.00519694284268768 0.0149845828860562 0.0281391007488936
2005-08-31 0.0407779830085737 0.0195997431634496 0.0322255417340682 0.0215175545254584 0.0232559733163473 0.0335500493598242 0.0232487292955261 0.0436781038871235 0.039680025449397
2005-09-30 0.0100214613707337 -0.00330337675703329 0.00936263248610114 -0.000779625569548026 -0.00177954049095441 0.00647143404779649 -0.00177583118110403 0.00661003992779063 0.0112745892919264
2005-10-31 -0.0425208458685167 -0.0149791510311341 -0.0297496714168528 -0.0170948946778178 -0.0200291102630549 -0.0324972034706057 -0.0200413374954471 -0.0384406873764711 -0.0411605876057358
2005-11-30 0.00734092311574375 0.00672336662706563 0.0106852569903781 0.00791546585375147 0.00701923522851722 0.00901855906595794 0.00701750036336413 0.0035678317150154 0.0105106811134807
2005-12-31 0.0201295644125443 0.0139819327332154 0.0215310802246169 0.0146031935227762 0.0136412967810229 0.0178336882811556 0.0136369360687898 0.0265765661030215 0.0208094289988874
2006-01-31 0.0313049355311492 0.0089232713740326 0.0260972836782456 0.0116839425614113 0.0128618896391128 0.0250044073511217 0.0128602388860397 0.0298537713059313 0.0324519977645950
2006-02-28 -0.0273889784976394 0.000593446466064851 -0.0102221642157779 -0.000341057035800896 -0.0056659787318688 -0.0156791535646621 -0.00569975826578151 -0.00849703073096808 -0.0216433845403785
2006-03-31 0.020407542962233 -0.00254843910210700 0.0127167277040519 -0.000172363148904342 0.00178248979744700 0.0131395966241876 0.00178920998686838 0.0143289464084864 0.0200723431900915
2006-04-30 0.0291785516827312 0.00457070472400622 0.0168666858309299 0.00636778555280415 0.00934098244990844 0.0207422517062934 0.00935576493007084 0.0210306263298632 0.0265349020630972
2006-05-31 -0.0194426224225794 -0.00751799229573002 -0.0179267439361090 -0.0096586432085477 -0.00967586154236433 -0.0173502619839246 -0.00967032788918765 -0.0185044189918937 -0.0212135886615151
2006-06-30 0.00387887666943332 0.00181983042524547 0.00237212136736109 0.00181451485918083 0.00229957790601931 0.00283566468731933 0.00230318218589254 0.00149557235968745 0.00310452065777445
2006-07-31 0.0123591708288813 0.0127161180989384 0.0111358237837975 0.0122341706038742 0.0127576469289561 0.0120341273880318 0.0127571022022004 0.0125604973793176 0.0115429902861821
2006-08-31 -0.00334606500662138 0.0151512954891424 0.00771046688841914 0.0151956197697789 0.0105081982030939 0.00503468002950913 0.0105186338853456 0.0124301478618136 0.00138402023955475
2006-09-30 -0.0188721760843104 0.0075382808521467 7.33022262535687e-05 0.00792358979966612 0.00105943870205016 -0.00714623104322465 0.00106653699736703 -0.00449503682610819 -0.0126710125744768
2006-10-31 0.0123737313554222 0.0121373095954009 0.0170595026540759 0.0138109157489965 0.0122987233394261 0.0156359654419822 0.0123247853992032 0.0146475014184548 0.0161271744434766
2006-11-30 0.0276929061703377 0.0139392350942931 0.0199079289587074 0.0155785333896830 0.0176512689046906 0.0217479124610627 0.0176464279371229 0.0161049076907001 0.0223412786326851
2006-12-31 -0.00904111252628859 -0.00247430777581581 -0.000194872404693180 -0.000686281741666295 -0.00320933830998293 -0.00186855419918353 -0.00318648249029729 0.00360291357706410 -0.00166307940043309
2007-01-31 -0.000557430656062508 0.00314039293923263 0.00504611301923363 0.00335503017511773 0.00183553130930703 0.0031214348699371 0.00180798659880699 0.00187834695190214 0.00395888852856063
2007-02-28 0.0108962972792368 0.00675309247867806 0.00188180485997425 0.00668094832574662 0.00935006709181363 0.00570156002261557 0.0093957770507167 0.0120182840298237 0.00650025067767479
2007-03-31 0.0169300009877753 0.00310893824008152 0.00984434092410091 0.00505262320632038 0.00686878056075235 0.0114036833503282 0.00687032907354057 0.00605036655373348 0.00612058283444306
2007-04-30 0.0221196332550733 0.0148948843557117 0.0242912570475804 0.0165483429558664 0.0160349154513497 0.0227052726856682 0.0159865025937975 0.0156792046096199 0.0235936716948768
2007-05-31 0.00753914169417391 0.0030622595332801 0.0117856047605365 0.00404184872412583 0.00259393002257591 0.00914255276398257 0.00255856260275289 -0.000567272891664139 0.00998252433222335
2007-06-30 0.0026782390751221 -0.00615448026173993 -0.00573707480942331 -0.00529546650250379 -0.00312314603590169 -0.00297942374646953 -0.00313150883904145 -0.00174634648367145 -0.00296455399430573
2007-07-31 0.00371324806362638 0.000784939471236479 -0.0053834730058504 1.84966232477102e-05 0.00251997310366581 -0.00152465824465653 0.00250357910813892 0.00112144595461938 -0.00265394441979505
2007-08-31 -0.00850624628346641 0.0108695630413891 0.00478779955550013 0.00898085322140862 0.00558241867145437 0.000450562630806228 0.00558597810948802 0.0034607232126056 -0.000708304897112155
2007-09-30 0.0465672802787034 0.0168167440026241 0.0313216196374664 0.0199296169920167 0.0230530484688380 0.0343078154138443 0.0230518045673462 0.0211988840971782 0.0370300975424103
2007-10-31 0.0375985365219327 0.0136711564359371 0.0231132572213051 0.0159533368995535 0.0191995428120619 0.0271035765402448 0.0192312100305452 0.0208570923550673 0.0308428262116116
2007-11-30 -0.0243891423578281 0.00335726899495747 -0.0171502651317362 -0.000276111650052147 -0.000967697494855146 -0.0161600614203169 -0.000914335399629151 -0.00225114267463877 -0.0234737735370207
2007-12-31 0.00710935035070537 0.00146178748943315 0.00230998101900748 0.00137945454058119 0.0016417695467843 0.00228428985902029 0.00173053450821548 -0.00805966311650563 0.00249171063187736
2008-01-31 -0.0367732793378612 0.000715655047278663 -0.0274850013641884 -0.00480781076272874 -0.00723304152432869 -0.0297043983776135 -0.00723319175444037 -0.0335550559199100 -0.0466587593854503
2008-02-29 0.0224540469943282 0.00076147936656934 0.00107387216685884 0.00159875043212288 0.00647668147527414 0.00960367922995609 0.00646374933463134 0.0130190355720847 0.0121052880085086
2008-03-31 -0.00611760437255415 0.000326062197639532 -0.00305324130250251 -0.000353665456177543 -0.000988561322981307 -0.00387281733375267 -0.000988465380364567 -0.00354215064265917 -0.00612696193875084
2008-04-30 0.0421418169975478 0.00701304511321821 0.030758013078906 0.0107465032740903 0.0122452999738911 0.0317501320372635 0.0122936508579927 0.0127835922056048 0.0162742791660209
2008-05-31 0.0255736919070955 -0.00148160096760563 0.0162266119841445 0.00108183285297336 0.00278460962371541 0.0165029087232034 0.00284383247061482 0.00738301329309321 0.00723903709256812
2008-06-30 -0.0216874879034148 -0.0124652704931921 -0.0255193928915866 -0.0149945568998844 -0.0121173243805036 -0.0240335960053844 -0.0120624502572255 0.00444069297362448 -0.00574093670472409
2008-07-31 -0.0454771371136778 -0.00935934508007918 -0.0301564984711591 -0.0126631198262372 -0.0158133148454604 -0.0329162289233758 -0.0158540660191492 -0.0283681140058647 -0.0351826081015582
2008-08-31 -0.0214727436957159 0.00661266804067351 -0.0031420918355618 0.00429667829896196 0.000204631606773864 -0.0114353262762472 0.000179580200319496 -0.00621810177737414 -0.0184982048853308
2008-09-30 -0.101667852035829 -0.0315141687556497 -0.0698247670930209 -0.0389559148185605 -0.044014462164231 -0.0801418955805688 -0.0440371158963639 -0.0381445464468952 -0.0751593599345053
2008-10-31 -0.2178451548623 -0.0455838812982035 -0.158526619121765 -0.0704851625560753 -0.0773938636060335 -0.166769817147922 -0.0773821768766744 -0.0455834080141294 -0.0771499709591498
2008-11-30 -0.0542618166726587 0.0300415898638564 -0.0298289601402273 0.0177013030455910 0.0173891137471802 -0.0289305418211534 0.0173924972904285 0.0300416834657613 0.0174745637275950
2008-12-31 0.000866152686999522 0.028558636218212 0.0111619847227560 0.0241831625980189 0.025415852678071 0.0131685654541542 0.0254589466803465 0.0285588387819691 0.025482404535067
2009-01-31 -0.0770778844330348 -0.0159386671780114 -0.0617632888701058 -0.0249659395895979 -0.0269913262437220 -0.0628270657201808 -0.0270236067477664 -0.0159388142286551 -0.0269615570477439
2009-02-28 -0.073370322289241 -0.0109602413365785 -0.066344178981192 -0.0216384867003786 -0.0215792828150373 -0.0628019452405779 -0.0216097763938402 -0.0109604342362334 -0.0215175644428586
2009-03-31 0.0470302023632043 0.0171951003881394 0.0453437482066243 0.0221933259428047 0.0217841455524828 0.0424348547909374 0.0217980157210844 0.0171952009632408 0.0217495384368189
2009-04-30 0.0486365869962566 0.00776734422904979 0.0498150439964558 0.0191059177262352 0.0174786143568411 0.0455089306253091 0.0174164526987570 0.00776728848350072 0.0174712427397556
2009-05-31 0.0826908685365237 0.0103898279123640 0.0502589420543778 0.0193171304074780 0.026887029480799 0.06082618673442 0.0269373418848637 0.0103897957183869 0.0268562234070588
2009-06-30 0.00184767194690560 0.0058779436622971 0.00273114381505368 0.00485007780742408 0.00475399031776091 0.00242107645529299 0.0047585097325018 0.00587794673118736 0.00475226623245106
2009-07-31 0.0429204658369837 0.0170187486832329 0.0428146120185315 0.0233170305547159 0.0220355883958905 0.0405520451693782 0.0220291361598246 0.0170187974743865 0.0220784551004047
2009-08-31 0.0191498033730317 0.0124614762131572 0.0221070728556478 0.0157779067435446 0.0140008820221198 0.0205644272297878 0.0139948242499359 0.0124614977769446 0.0140358819301718
2009-09-30 0.0223144791007386 0.0126615446575764 0.0235284860911535 0.0153927554133582 0.0145272394387042 0.0219729051792792 0.0145228659329075 0.0126615676158597 0.0145458250076067
2009-10-31 0.00703643267356613 0.00241057525712107 0.00160910562827898 0.000573752783046944 0.00406199068127311 0.00434698305410075 0.00405770419438989 0.00241058049501430 0.00406237218198502
2009-11-30 0.0259233734967272 0.0166765464244485 0.0309029288236933 0.0188816990929825 0.0175953856904538 0.0249001852723623 0.0175972058802452 0.0166765368396540 0.0176012774186087
2009-12-31 0.00614504771632807 -0.0146558959582036 0.00273977192310459 -0.0113522579176693 -0.0104742468766803 0.00181573802587276 -0.0104763701895356 -0.0146559043482828 -0.0104811355778633
2010-01-31 -0.0384661363293062 0.0107188610318429 -0.0256603234013155 0.00432835238030904 -0.00232628792148659 -0.0268183650472483 -0.00232526543389633 0.0107188602200214 -0.00218347241415706
2010-02-28 0.0191675970949248 0.00527735224398396 0.0124705234969866 0.00566135203365126 0.0078152637169504 0.0149917560396369 0.00781523733256329 0.0052773526781591 0.00775034135357688
2010-03-31 0.0330384264055792 0.00345668180276371 0.0280460870321291 0.00975804762730759 0.0103560903763926 0.0267463337771985 0.0103587084270407 0.00345668268088151 0.0103308987706265
2010-04-30 0.00871528455901838 0.0104416696926031 0.00682854681610512 0.00866013041441116 0.008959001081841 0.00815830000624751 0.00895191903293946 0.0104416627790243 0.008940506385128
2010-05-31 -0.0894576028600449 -0.000272380013372375 -0.0660306373870327 -0.0151968027756176 -0.0264516209965917 -0.0682364605482927 -0.0265102076311234 -0.000272262194121131 -0.0265184758821820
2010-06-30 -0.0110034027564582 0.00899381240891839 -0.00811696980061638 0.00412796008056526 0.00561933349842647 -0.00644971433794983 0.0055793867921794 0.0089938923110906 0.00555200965092273
